00001 - 05 06 07 45 55
00002 - 10 12 13 69 71
00003 - 05 06 14 24 29
00004 - 05 06 16 35 67
00005 - 05 06 33 49 67
00006 - 05 06 36 67 70
00007 - 05 07 14 33 35
00008 - 05 07 16 29 70
00009 - 05 07 24 35 67
00010 - 05 07 24 45 49
00011 - 05 07 29 36 67
00012 - 05 14 16 49 70
00013 - 05 14 36 49 55
00014 - 05 14 45 55 67
00015 - 05 16 24 33 55
00016 - 05 16 35 36 45
00017 - 05 24 36 55 70
00018 - 05 29 33 45 70
00019 - 05 29 35 49 55
00020 - 05 33 35 36 70
00021 - 06 07 14 36 70
00022 - 06 07 16 24 36
00023 - 06 07 29 33 35
00024 - 06 07 49 55 67
00025 - 06 14 16 35 55
00026 - 06 14 29 45 49
00027 - 06 14 33 36 67
00028 - 06 16 29 36 49
00029 - 06 16 33 45 70
00030 - 06 24 29 45 67
00031 - 06 24 33 35 55
00032 - 06 24 35 49 70
00033 - 06 29 35 36 45
00034 - 06 29 36 55 70
00035 - 07 14 16 45 67
00036 - 07 14 24 29 55
00037 - 07 14 35 36 49
00038 - 07 16 29 45 55
00039 - 07 16 33 35 49
00040 - 07 24 33 67 70
00041 - 07 29 49 67 70
00042 - 07 33 36 45 55
00043 - 07 35 45 55 70
00044 - 14 16 24 49 67
00045 - 14 16 29 33 36
00046 - 14 24 33 45 70
00047 - 14 24 35 36 45
00048 - 14 29 35 67 70
00049 - 14 33 49 55 70
00050 - 16 24 29 35 70
00051 - 16 24 45 49 55
00052 - 16 29 33 55 67
00053 - 16 36 55 67 70
00054 - 24 29 33 36 49
00055 - 24 35 36 55 67
00056 - 33 35 45 49 67
00057 - 36 45 49 67 70
00058 - 10 12 27 32 39
00059 - 10 12 30 51 72
00060 - 10 12 46 70 72
00061 - 10 12 67 72 78
00062 - 10 13 27 46 51
00063 - 10 13 30 39 78
00064 - 10 13 32 51 72
00065 - 10 13 32 69 70
00066 - 10 13 39 67 72
00067 - 10 27 30 70 78
00068 - 10 27 67 70 71
00069 - 10 27 69 71 72
00070 - 10 30 32 46 71
00071 - 10 30 51 67 69
00072 - 10 32 67 71 78
00073 - 10 39 46 69 78
00074 - 10 39 51 70 71
00075 - 10 46 51 67 78
00076 - 12 13 27 67 78
00077 - 12 13 30 32 67
00078 - 12 13 39 46 51
00079 - 12 13 70 71 72
00080 - 12 27 30 51 71
00081 - 12 27 39 69 70
00082 - 12 27 46 67 72
00083 - 12 30 39 67 70
00084 - 12 30 46 69 78
00085 - 12 32 39 69 72
00086 - 12 32 46 51 71
00087 - 12 32 51 70 78
00088 - 12 39 51 67 69
00089 - 12 39 67 71 78
00090 - 13 27 30 69 72
00091 - 13 27 32 39 71
00092 - 13 27 51 67 70
00093 - 13 30 39 69 71
00094 - 13 30 46 51 70
00095 - 13 32 46 72 78
00096 - 13 39 70 72 78
00097 - 13 46 67 69 71
00098 - 13 51 69 71 78
00099 - 27 30 32 70 72
00100 - 27 30 39 46 67
00101 - 27 32 46 69 78
00102 - 27 32 51 67 69
00103 - 27 39 51 72 78
00104 - 27 46 70 71 78
00105 - 30 32 39 51 78
00106 - 30 32 69 70 71
00107 - 30 39 46 71 72
00108 - 30 67 71 72 78
00109 - 32 39 46 67 70
00110 - 32 51 67 71 72
00111 - 46 51 69 70 72
00112 - 67 69 70 72 78
