00001 - 01 08 10 27 29 45
00002 - 01 08 14 24 38 44
00003 - 01 08 17 23 27 29
00004 - 01 08 23 26 43 46
00005 - 01 10 14 29 38 43
00006 - 01 10 17 26 29 44
00007 - 01 10 23 24 29 46
00008 - 01 14 17 23 38 46
00009 - 01 14 26 27 38 45
00010 - 01 17 24 26 43 44
00011 - 01 17 24 27 43 45
00012 - 01 23 27 44 45 46
00013 - 08 10 14 17 27 46
00014 - 08 10 14 44 45 46
00015 - 08 10 17 26 43 45
00016 - 08 10 23 24 38 45
00017 - 08 14 17 23 27 44
00018 - 08 14 26 29 43 44
00019 - 08 17 24 29 38 46
00020 - 08 24 26 27 38 43
00021 - 10 14 17 23 24 26
00022 - 10 17 26 27 38 46
00023 - 10 23 24 27 43 44
00024 - 10 23 38 43 44 46
00025 - 14 17 23 29 43 45
00026 - 14 23 24 26 45 46
00027 - 14 24 27 29 38 45
00028 - 14 24 27 29 43 46
00029 - 17 38 43 44 45 46
00030 - 23 26 27 29 38 44
00031 - 24 26 29 44 45 46
