00001 - 05 08 19 60 71
00002 - 09 14 35 70 73
00003 - 05 08 33 40 44
00004 - 05 08 36 50 73
00005 - 05 08 48 64 73
00006 - 05 08 53 73 79
00007 - 05 19 33 48 50
00008 - 05 19 36 44 79
00009 - 05 19 40 50 73
00010 - 05 19 40 60 64
00011 - 05 19 44 53 73
00012 - 05 33 36 64 79
00013 - 05 33 53 64 71
00014 - 05 33 60 71 73
00015 - 05 36 40 48 71
00016 - 05 36 50 53 60
00017 - 05 40 53 71 79
00018 - 05 44 48 60 79
00019 - 05 44 50 64 71
00020 - 05 48 50 53 79
00021 - 08 19 33 53 79
00022 - 08 19 36 40 53
00023 - 08 19 44 48 50
00024 - 08 19 64 71 73
00025 - 08 33 36 50 71
00026 - 08 33 44 60 64
00027 - 08 33 48 53 73
00028 - 08 36 44 53 64
00029 - 08 36 48 60 79
00030 - 08 40 44 60 73
00031 - 08 40 48 50 71
00032 - 08 40 50 64 79
00033 - 08 44 50 53 60
00034 - 08 44 53 71 79
00035 - 19 33 36 60 73
00036 - 19 33 40 44 71
00037 - 19 33 50 53 64
00038 - 19 36 44 60 71
00039 - 19 36 48 50 64
00040 - 19 40 48 73 79
00041 - 19 44 64 73 79
00042 - 19 48 53 60 71
00043 - 19 50 60 71 79
00044 - 33 36 40 64 73
00045 - 33 36 44 48 53
00046 - 33 40 48 60 79
00047 - 33 40 50 53 60
00048 - 33 44 50 73 79
00049 - 33 48 64 71 79
00050 - 36 40 44 50 79
00051 - 36 40 60 64 71
00052 - 36 44 48 71 73
00053 - 36 53 71 73 79
00054 - 40 44 48 53 64
00055 - 40 50 53 71 73
00056 - 48 50 60 64 73
00057 - 53 60 64 73 79
00058 - 09 14 42 49 58
00059 - 09 14 44 61 75
00060 - 09 14 60 71 75
00061 - 09 14 62 75 79
00062 - 09 35 42 60 61
00063 - 09 35 44 58 79
00064 - 09 35 49 61 75
00065 - 09 35 49 70 71
00066 - 09 35 58 62 75
00067 - 09 42 44 71 79
00068 - 09 42 62 71 73
00069 - 09 42 70 73 75
00070 - 09 44 49 60 73
00071 - 09 44 61 62 70
00072 - 09 49 62 73 79
00073 - 09 58 60 70 79
00074 - 09 58 61 71 73
00075 - 09 60 61 62 79
00076 - 14 35 42 62 79
00077 - 14 35 44 49 62
00078 - 14 35 58 60 61
00079 - 14 35 71 73 75
00080 - 14 42 44 61 73
00081 - 14 42 58 70 71
00082 - 14 42 60 62 75
00083 - 14 44 58 62 71
00084 - 14 44 60 70 79
00085 - 14 49 58 70 75
00086 - 14 49 60 61 73
00087 - 14 49 61 71 79
00088 - 14 58 61 62 70
00089 - 14 58 62 73 79
00090 - 35 42 44 70 75
00091 - 35 42 49 58 73
00092 - 35 42 61 62 71
00093 - 35 44 58 70 73
00094 - 35 44 60 61 71
00095 - 35 49 60 75 79
00096 - 35 58 71 75 79
00097 - 35 60 62 70 73
00098 - 35 61 70 73 79
00099 - 42 44 49 71 75
00100 - 42 44 58 60 62
00101 - 42 49 60 70 79
00102 - 42 49 61 62 70
00103 - 42 58 61 75 79
00104 - 42 60 71 73 79
00105 - 44 49 58 61 79
00106 - 44 49 70 71 73
00107 - 44 58 60 73 75
00108 - 44 62 73 75 79
00109 - 49 58 60 62 71
00110 - 49 61 62 73 75
00111 - 60 61 70 71 75
00112 - 62 70 71 75 79