00001 - 04 07 09 15 77
00002 - 05 11 14 26 79
00003 - 04 07 09 21 40
00004 - 04 07 09 38 68
00005 - 04 07 09 40 76
00006 - 04 07 09 41 55
00007 - 04 07 09 42 67
00008 - 04 07 09 43 63
00009 - 04 07 09 45 46
00010 - 04 07 15 21 76
00011 - 04 07 15 38 40
00012 - 04 07 15 41 46
00013 - 04 07 15 42 43
00014 - 04 07 15 45 55
00015 - 04 07 15 63 68
00016 - 04 07 15 67 76
00017 - 04 07 21 38 77
00018 - 04 07 21 40 68
00019 - 04 07 21 41 63
00020 - 04 07 21 42 45
00021 - 04 07 21 43 55
00022 - 04 07 21 46 67
00023 - 04 07 38 41 45
00024 - 04 07 38 42 63
00025 - 04 07 38 43 67
00026 - 04 07 38 46 55
00027 - 04 07 38 76 77
00028 - 04 07 40 41 67
00029 - 04 07 40 41 77
00030 - 04 07 40 42 55
00031 - 04 07 40 43 45
00032 - 04 07 40 46 63
00033 - 04 07 41 42 76
00034 - 04 07 41 43 68
00035 - 04 07 42 43 77
00036 - 04 07 42 46 68
00037 - 04 07 43 46 76
00038 - 04 07 45 46 77
00039 - 04 07 45 63 76
00040 - 04 07 45 67 68
00041 - 04 07 55 63 67
00042 - 04 07 55 63 77
00043 - 04 07 55 68 76
00044 - 04 07 67 68 77
00045 - 04 09 15 21 68
00046 - 04 09 15 38 40
00047 - 04 09 15 41 63
00048 - 04 09 15 42 45
00049 - 04 09 15 43 55
00050 - 04 09 15 46 67
00051 - 04 09 15 76 77
00052 - 04 09 21 38 76
00053 - 04 09 21 40 77
00054 - 04 09 21 41 45
00055 - 04 09 21 42 63
00056 - 04 09 21 43 67
00057 - 04 09 21 46 55
00058 - 04 09 38 41 67
00059 - 04 09 38 41 77
00060 - 04 09 38 42 55
00061 - 04 09 38 43 45
00062 - 04 09 38 46 63
00063 - 04 09 40 41 42
00064 - 04 09 40 43 46
00065 - 04 09 40 45 63
00066 - 04 09 40 55 68
00067 - 04 09 40 67 76
00068 - 04 09 41 43 76
00069 - 04 09 41 46 68
00070 - 04 09 42 43 68
00071 - 04 09 42 45 77
00072 - 04 09 42 46 76
00073 - 04 09 43 46 77
00074 - 04 09 45 55 67
00075 - 04 09 45 68 76
00076 - 04 09 55 63 76
00077 - 04 09 55 67 77
00078 - 04 09 63 67 68
00079 - 04 09 63 68 77
00080 - 04 15 21 38 40
00081 - 04 15 21 41 67
00082 - 04 15 21 41 77
00083 - 04 15 21 42 55
00084 - 04 15 21 43 45
00085 - 04 15 21 46 63
00086 - 04 15 38 40 68
00087 - 04 15 38 40 76
00088 - 04 15 38 40 77
00089 - 04 15 38 41 42
00090 - 04 15 38 43 46
00091 - 04 15 38 45 63
00092 - 04 15 38 55 67
00093 - 04 15 40 41 43
00094 - 04 15 40 42 46
00095 - 04 15 40 45 67
00096 - 04 15 40 55 63
00097 - 04 15 41 45 76
00098 - 04 15 41 55 68
00099 - 04 15 42 63 76
00100 - 04 15 42 67 68
00101 - 04 15 42 68 77
00102 - 04 15 43 63 67
00103 - 04 15 43 63 77
00104 - 04 15 43 68 76
00105 - 04 15 45 46 68
00106 - 04 15 45 67 77
00107 - 04 15 46 55 76
00108 - 04 15 46 55 77
00109 - 04 21 38 41 43
00110 - 04 21 38 42 46
00111 - 04 21 38 45 68
00112 - 04 21 38 55 63
00113 - 04 21 38 67 76
00114 - 04 21 40 41 55
00115 - 04 21 40 42 67
00116 - 04 21 40 43 63
00117 - 04 21 40 45 46
00118 - 04 21 40 76 77
00119 - 04 21 41 42 68
00120 - 04 21 41 46 76
00121 - 04 21 42 43 76
00122 - 04 21 42 55 77
00123 - 04 21 43 45 77
00124 - 04 21 43 46 68
00125 - 04 21 45 55 76
00126 - 04 21 45 63 67
00127 - 04 21 46 68 77
00128 - 04 21 55 67 68
00129 - 04 21 63 67 77
00130 - 04 21 63 68 76
00131 - 04 38 40 41 46
00132 - 04 38 40 42 43
00133 - 04 38 40 45 55
00134 - 04 38 40 63 67
00135 - 04 38 41 55 76
00136 - 04 38 41 63 68
00137 - 04 38 41 68 77
00138 - 04 38 42 45 67
00139 - 04 38 42 63 77
00140 - 04 38 42 68 76
00141 - 04 38 43 55 68
00142 - 04 38 43 55 77
00143 - 04 38 43 63 76
00144 - 04 38 45 46 76
00145 - 04 38 45 68 77
00146 - 04 38 46 67 68
00147 - 04 38 46 67 77
00148 - 04 40 41 45 68
00149 - 04 40 41 63 76
00150 - 04 40 42 45 76
00151 - 04 40 42 63 68
00152 - 04 40 42 67 77
00153 - 04 40 43 55 76
00154 - 04 40 43 67 68
00155 - 04 40 43 68 77
00156 - 04 40 45 55 77
00157 - 04 40 46 55 67
00158 - 04 40 46 63 77
00159 - 04 40 46 68 76
00160 - 04 41 42 43 45
00161 - 04 41 42 43 77
00162 - 04 41 42 46 55
00163 - 04 41 42 63 67
00164 - 04 41 43 46 63
00165 - 04 41 43 55 67
00166 - 04 41 45 46 67
00167 - 04 41 45 55 63
00168 - 04 41 45 63 77
00169 - 04 41 46 67 77
00170 - 04 41 55 76 77
00171 - 04 41 67 68 76
00172 - 04 42 43 46 67
00173 - 04 42 43 55 63
00174 - 04 42 45 46 63
00175 - 04 42 45 55 68
00176 - 04 42 46 76 77
00177 - 04 42 55 67 76
00178 - 04 43 45 46 55
00179 - 04 43 45 63 68
00180 - 04 43 45 67 76
00181 - 04 43 67 76 77
00182 - 04 45 63 76 77
00183 - 04 46 55 63 68
00184 - 04 46 63 67 76
00185 - 04 55 68 76 77
00186 - 07 09 15 21 38
00187 - 07 09 15 38 76
00188 - 07 09 15 40 68
00189 - 07 09 15 41 45
00190 - 07 09 15 42 63
00191 - 07 09 15 43 67
00192 - 07 09 15 46 55
00193 - 07 09 21 41 68
00194 - 07 09 21 42 55
00195 - 07 09 21 43 45
00196 - 07 09 21 46 63
00197 - 07 09 21 67 76
00198 - 07 09 21 76 77
00199 - 07 09 38 40 77
00200 - 07 09 38 41 42
00201 - 07 09 38 43 46
00202 - 07 09 38 45 63
00203 - 07 09 38 55 67
00204 - 07 09 40 41 43
00205 - 07 09 40 42 46
00206 - 07 09 40 45 67
00207 - 07 09 40 55 63
00208 - 07 09 41 46 76
00209 - 07 09 41 63 67
00210 - 07 09 41 63 77
00211 - 07 09 42 43 76
00212 - 07 09 42 45 68
00213 - 07 09 42 46 77
00214 - 07 09 43 45 77
00215 - 07 09 43 55 68
00216 - 07 09 45 55 76
00217 - 07 09 46 67 68
00218 - 07 09 55 68 77
00219 - 07 09 63 67 77
00220 - 07 09 63 68 76
00221 - 07 15 21 38 68
00222 - 07 15 21 40 77
00223 - 07 15 21 41 42
00224 - 07 15 21 43 46
00225 - 07 15 21 45 63
00226 - 07 15 21 55 67
00227 - 07 15 38 41 43
00228 - 07 15 38 41 77
00229 - 07 15 38 42 46
00230 - 07 15 38 45 67
00231 - 07 15 38 55 63
00232 - 07 15 40 41 55
00233 - 07 15 40 42 67
00234 - 07 15 40 43 63
00235 - 07 15 40 45 46
00236 - 07 15 40 76 77
00237 - 07 15 41 63 76
00238 - 07 15 41 67 68
00239 - 07 15 42 45 76
00240 - 07 15 42 55 68
00241 - 07 15 42 63 77
00242 - 07 15 43 45 68
00243 - 07 15 43 46 77
00244 - 07 15 43 55 76
00245 - 07 15 45 68 77
00246 - 07 15 46 63 67
00247 - 07 15 46 68 76
00248 - 07 15 55 67 77
00249 - 07 21 38 40 76
00250 - 07 21 38 41 55
00251 - 07 21 38 42 67
00252 - 07 21 38 43 63
00253 - 07 21 38 45 46
00254 - 07 21 40 41 46
00255 - 07 21 40 42 43
00256 - 07 21 40 45 55
00257 - 07 21 40 63 67
00258 - 07 21 41 43 76
00259 - 07 21 41 45 67
00260 - 07 21 41 45 77
00261 - 07 21 42 45 77
00262 - 07 21 42 46 76
00263 - 07 21 42 63 68
00264 - 07 21 43 55 77
00265 - 07 21 43 67 68
00266 - 07 21 45 68 76
00267 - 07 21 46 55 68
00268 - 07 21 46 67 77
00269 - 07 21 55 63 76
00270 - 07 21 63 68 77
00271 - 07 38 40 41 63
00272 - 07 38 40 42 45
00273 - 07 38 40 43 55
00274 - 07 38 40 46 68
00275 - 07 38 40 67 76
00276 - 07 38 41 46 67
00277 - 07 38 41 68 76
00278 - 07 38 42 43 68
00279 - 07 38 42 55 76
00280 - 07 38 42 55 77
00281 - 07 38 43 45 76
00282 - 07 38 43 63 77
00283 - 07 38 45 55 68
00284 - 07 38 45 67 77
00285 - 07 38 46 63 76
00286 - 07 38 46 68 77
00287 - 07 38 63 67 68
00288 - 07 40 41 42 68
00289 - 07 40 41 45 76
00290 - 07 40 41 68 77
00291 - 07 40 42 63 76
00292 - 07 40 42 68 77
00293 - 07 40 43 46 67
00294 - 07 40 43 67 77
00295 - 07 40 43 68 76
00296 - 07 40 45 63 68
00297 - 07 40 45 63 77
00298 - 07 40 46 55 76
00299 - 07 40 46 55 77
00300 - 07 40 55 67 68
00301 - 07 41 42 43 67
00302 - 07 41 42 45 55
00303 - 07 41 42 46 63
00304 - 07 41 42 76 77
00305 - 07 41 43 45 63
00306 - 07 41 43 46 55
00307 - 07 41 43 46 77
00308 - 07 41 45 46 68
00309 - 07 41 55 63 68
00310 - 07 41 55 67 76
00311 - 07 41 55 67 77
00312 - 07 42 43 45 46
00313 - 07 42 43 55 63
00314 - 07 42 45 63 67
00315 - 07 42 46 55 67
00316 - 07 42 67 68 76
00317 - 07 42 67 76 77
00318 - 07 43 45 55 67
00319 - 07 43 46 63 68
00320 - 07 43 63 67 76
00321 - 07 43 68 76 77
00322 - 07 45 46 55 63
00323 - 07 45 46 67 76
00324 - 07 45 55 76 77
00325 - 07 46 63 76 77
00326 - 09 15 21 38 77
00327 - 09 15 21 40 76
00328 - 09 15 21 41 43
00329 - 09 15 21 42 46
00330 - 09 15 21 45 67
00331 - 09 15 21 55 63
00332 - 09 15 38 41 55
00333 - 09 15 38 42 68
00334 - 09 15 38 43 63
00335 - 09 15 38 45 46
00336 - 09 15 38 67 76
00337 - 09 15 40 41 46
00338 - 09 15 40 41 77
00339 - 09 15 40 42 43
00340 - 09 15 40 45 55
00341 - 09 15 40 63 67
00342 - 09 15 41 42 67
00343 - 09 15 41 68 76
00344 - 09 15 42 43 77
00345 - 09 15 42 55 76
00346 - 09 15 43 45 76
00347 - 09 15 43 46 68
00348 - 09 15 45 46 77
00349 - 09 15 45 63 68
00350 - 09 15 46 63 76
00351 - 09 15 55 63 77
00352 - 09 15 55 67 68
00353 - 09 15 67 68 77
00354 - 09 21 38 40 68
00355 - 09 21 38 41 46
00356 - 09 21 38 42 43
00357 - 09 21 38 45 55
00358 - 09 21 38 63 67
00359 - 09 21 40 41 63
00360 - 09 21 40 42 45
00361 - 09 21 40 43 55
00362 - 09 21 40 46 67
00363 - 09 21 41 42 76
00364 - 09 21 41 55 67
00365 - 09 21 41 68 77
00366 - 09 21 42 67 68
00367 - 09 21 42 67 77
00368 - 09 21 43 46 76
00369 - 09 21 43 63 68
00370 - 09 21 43 68 77
00371 - 09 21 45 46 68
00372 - 09 21 45 55 77
00373 - 09 21 45 63 76
00374 - 09 21 46 63 77
00375 - 09 21 55 68 76
00376 - 09 38 40 41 45
00377 - 09 38 40 42 63
00378 - 09 38 40 43 67
00379 - 09 38 40 46 55
00380 - 09 38 40 76 77
00381 - 09 38 41 43 68
00382 - 09 38 41 63 76
00383 - 09 38 42 45 76
00384 - 09 38 42 46 67
00385 - 09 38 42 68 77
00386 - 09 38 43 55 76
00387 - 09 38 43 67 77
00388 - 09 38 45 63 77
00389 - 09 38 45 67 68
00390 - 09 38 46 55 77
00391 - 09 38 46 68 76
00392 - 09 38 55 63 68
00393 - 09 40 41 55 76
00394 - 09 40 41 67 68
00395 - 09 40 42 55 67
00396 - 09 40 42 55 77
00397 - 09 40 42 68 76
00398 - 09 40 43 45 68
00399 - 09 40 43 63 76
00400 - 09 40 43 63 77
00401 - 09 40 45 46 76
00402 - 09 40 45 67 77
00403 - 09 40 46 63 68
00404 - 09 40 46 68 77
00405 - 09 41 42 43 55
00406 - 09 41 42 45 46
00407 - 09 41 42 46 77
00408 - 09 41 42 63 68
00409 - 09 41 43 45 63
00410 - 09 41 43 45 77
00411 - 09 41 43 46 67
00412 - 09 41 43 55 77
00413 - 09 41 45 55 68
00414 - 09 41 45 67 76
00415 - 09 41 46 55 63
00416 - 09 41 67 76 77
00417 - 09 42 43 45 67
00418 - 09 42 43 46 63
00419 - 09 42 45 55 63
00420 - 09 42 46 55 68
00421 - 09 42 63 67 76
00422 - 09 42 63 76 77
00423 - 09 43 45 46 55
00424 - 09 43 55 63 67
00425 - 09 43 55 76 77
00426 - 09 43 67 68 76
00427 - 09 45 46 63 67
00428 - 09 45 68 76 77
00429 - 09 46 55 67 76
00430 - 09 46 67 76 77
00431 - 15 21 38 41 63
00432 - 15 21 38 42 45
00433 - 15 21 38 43 55
00434 - 15 21 38 46 67
00435 - 15 21 38 76 77
00436 - 15 21 40 41 45
00437 - 15 21 40 42 63
00438 - 15 21 40 43 68
00439 - 15 21 40 46 55
00440 - 15 21 40 67 76
00441 - 15 21 41 46 68
00442 - 15 21 41 55 76
00443 - 15 21 42 43 67
00444 - 15 21 42 46 77
00445 - 15 21 42 68 76
00446 - 15 21 43 63 76
00447 - 15 21 43 67 77
00448 - 15 21 45 46 76
00449 - 15 21 45 55 68
00450 - 15 21 45 63 77
00451 - 15 21 55 68 77
00452 - 15 21 63 67 68
00453 - 15 38 40 41 67
00454 - 15 38 40 42 55
00455 - 15 38 40 43 45
00456 - 15 38 40 46 63
00457 - 15 38 41 45 68
00458 - 15 38 41 46 76
00459 - 15 38 42 43 76
00460 - 15 38 42 63 67
00461 - 15 38 42 67 77
00462 - 15 38 43 67 68
00463 - 15 38 43 68 77
00464 - 15 38 45 55 76
00465 - 15 38 45 55 77
00466 - 15 38 46 55 68
00467 - 15 38 46 63 77
00468 - 15 38 63 68 76
00469 - 15 40 41 42 76
00470 - 15 40 41 63 68
00471 - 15 40 42 45 68
00472 - 15 40 42 45 77
00473 - 15 40 43 46 76
00474 - 15 40 43 55 67
00475 - 15 40 43 55 77
00476 - 15 40 45 63 76
00477 - 15 40 46 67 68
00478 - 15 40 46 67 77
00479 - 15 40 55 68 76
00480 - 15 40 63 68 77
00481 - 15 41 42 43 68
00482 - 15 41 42 45 46
00483 - 15 41 42 55 63
00484 - 15 41 42 68 77
00485 - 15 41 43 45 55
00486 - 15 41 43 46 63
00487 - 15 41 43 55 77
00488 - 15 41 43 67 76
00489 - 15 41 45 63 67
00490 - 15 41 45 67 77
00491 - 15 41 46 55 67
00492 - 15 41 46 63 77
00493 - 15 41 63 76 77
00494 - 15 42 43 45 63
00495 - 15 42 43 46 55
00496 - 15 42 45 55 67
00497 - 15 42 46 63 68
00498 - 15 42 46 67 76
00499 - 15 42 55 76 77
00500 - 15 43 45 46 67
00501 - 15 43 45 76 77
00502 - 15 43 55 63 68
00503 - 15 45 46 55 63
00504 - 15 45 67 68 76
00505 - 15 46 68 76 77
00506 - 15 55 63 67 76
00507 - 15 63 67 76 77
00508 - 21 38 40 41 42
00509 - 21 38 40 41 77
00510 - 21 38 40 43 46
00511 - 21 38 40 45 63
00512 - 21 38 40 55 67
00513 - 21 38 41 45 76
00514 - 21 38 41 67 68
00515 - 21 38 42 43 77
00516 - 21 38 42 55 68
00517 - 21 38 42 63 76
00518 - 21 38 43 45 67
00519 - 21 38 43 68 76
00520 - 21 38 45 46 77
00521 - 21 38 46 55 76
00522 - 21 38 46 63 68
00523 - 21 38 55 63 77
00524 - 21 38 67 68 77
00525 - 21 40 41 43 67
00526 - 21 40 41 68 76
00527 - 21 40 42 46 68
00528 - 21 40 42 55 76
00529 - 21 40 42 63 77
00530 - 21 40 43 45 76
00531 - 21 40 43 46 77
00532 - 21 40 45 67 68
00533 - 21 40 45 68 77
00534 - 21 40 46 63 76
00535 - 21 40 55 63 68
00536 - 21 40 55 67 77
00537 - 21 41 42 43 63
00538 - 21 41 42 45 55
00539 - 21 41 42 46 67
00540 - 21 41 42 67 77
00541 - 21 41 43 45 46
00542 - 21 41 43 46 77
00543 - 21 41 43 55 68
00544 - 21 41 45 63 68
00545 - 21 41 45 76 77
00546 - 21 41 46 55 63
00547 - 21 41 55 63 77
00548 - 21 41 63 67 76
00549 - 21 42 43 45 68
00550 - 21 42 43 46 55
00551 - 21 42 45 46 63
00552 - 21 42 45 67 76
00553 - 21 42 55 63 67
00554 - 21 42 68 76 77
00555 - 21 43 45 55 63
00556 - 21 43 46 63 67
00557 - 21 43 55 67 76
00558 - 21 43 63 76 77
00559 - 21 45 46 55 67
00560 - 21 45 67 76 77
00561 - 21 46 55 76 77
00562 - 21 46 67 68 76
00563 - 38 40 41 43 76
00564 - 38 40 41 55 68
00565 - 38 40 42 46 76
00566 - 38 40 42 46 77
00567 - 38 40 42 67 68
00568 - 38 40 43 45 77
00569 - 38 40 43 63 68
00570 - 38 40 45 46 67
00571 - 38 40 45 68 76
00572 - 38 40 55 63 76
00573 - 38 40 55 68 77
00574 - 38 40 63 67 77
00575 - 38 41 42 43 45
00576 - 38 41 42 46 68
00577 - 38 41 42 55 63
00578 - 38 41 42 63 77
00579 - 38 41 42 67 76
00580 - 38 41 43 46 55
00581 - 38 41 43 63 67
00582 - 38 41 43 67 77
00583 - 38 41 45 46 63
00584 - 38 41 45 55 67
00585 - 38 41 45 55 77
00586 - 38 41 46 76 77
00587 - 38 42 43 46 63
00588 - 38 42 43 55 67
00589 - 38 42 45 46 55
00590 - 38 42 45 63 68
00591 - 38 42 45 76 77
00592 - 38 43 45 46 68
00593 - 38 43 45 55 63
00594 - 38 43 46 67 76
00595 - 38 43 46 76 77
00596 - 38 45 63 67 76
00597 - 38 46 55 63 67
00598 - 38 55 67 68 76
00599 - 38 55 67 76 77
00600 - 38 63 68 76 77
00601 - 40 41 42 43 63
00602 - 40 41 42 45 67
00603 - 40 41 42 46 55
00604 - 40 41 42 55 77
00605 - 40 41 43 45 55
00606 - 40 41 43 46 68
00607 - 40 41 43 76 77
00608 - 40 41 45 46 63
00609 - 40 41 45 46 77
00610 - 40 41 46 67 76
00611 - 40 41 55 63 67
00612 - 40 41 63 67 77
00613 - 40 42 43 45 46
00614 - 40 42 43 55 68
00615 - 40 42 43 67 76
00616 - 40 42 43 76 77
00617 - 40 42 45 55 63
00618 - 40 42 46 63 67
00619 - 40 43 45 63 67
00620 - 40 43 46 55 63
00621 - 40 45 46 55 68
00622 - 40 45 46 76 77
00623 - 40 45 55 67 76
00624 - 40 55 63 76 77
00625 - 40 63 67 68 76
00626 - 40 67 68 76 77
00627 - 41 42 43 46 76
00628 - 41 42 45 63 76
00629 - 41 42 45 68 77
00630 - 41 42 55 67 68
00631 - 41 42 55 68 76
00632 - 41 43 45 67 68
00633 - 41 43 45 68 76
00634 - 41 43 55 63 76
00635 - 41 43 63 68 77
00636 - 41 45 46 55 76
00637 - 41 46 55 68 77
00638 - 41 46 63 67 68
00639 - 41 46 63 68 76
00640 - 41 67 68 76 77
00641 - 42 43 45 55 76
00642 - 42 43 45 63 77
00643 - 42 43 46 68 77
00644 - 42 43 55 67 77
00645 - 42 43 63 67 68
00646 - 42 43 63 68 76
00647 - 42 45 46 55 77
00648 - 42 45 46 67 68
00649 - 42 45 46 68 76
00650 - 42 45 67 68 77
00651 - 42 46 55 63 76
00652 - 42 46 63 67 77
00653 - 42 55 63 68 77
00654 - 43 45 46 63 76
00655 - 43 45 46 67 77
00656 - 43 45 55 68 77
00657 - 43 46 55 63 77
00658 - 43 46 55 67 68
00659 - 43 46 55 68 76
00660 - 43 63 67 68 77
00661 - 45 46 63 68 77
00662 - 45 55 63 67 68
00663 - 45 55 63 67 77
00664 - 45 55 63 68 76
00665 - 46 55 67 68 77
00666 - 05 11 14 32 44
00667 - 05 11 14 41 74
00668 - 05 11 14 44 78
00669 - 05 11 14 49 59
00670 - 05 11 14 51 64
00671 - 05 11 14 52 61
00672 - 05 11 14 53 57
00673 - 05 11 26 32 78
00674 - 05 11 26 41 44
00675 - 05 11 26 49 57
00676 - 05 11 26 51 52
00677 - 05 11 26 53 59
00678 - 05 11 26 61 74
00679 - 05 11 26 64 78
00680 - 05 11 32 41 79
00681 - 05 11 32 44 74
00682 - 05 11 32 49 61
00683 - 05 11 32 51 53
00684 - 05 11 32 52 59
00685 - 05 11 32 57 64
00686 - 05 11 41 49 53
00687 - 05 11 41 51 61
00688 - 05 11 41 52 64
00689 - 05 11 41 57 59
00690 - 05 11 41 78 79
00691 - 05 11 44 49 64
00692 - 05 11 44 49 79
00693 - 05 11 44 51 59
00694 - 05 11 44 52 53
00695 - 05 11 44 57 61
00696 - 05 11 49 51 78
00697 - 05 11 49 52 74
00698 - 05 11 51 52 79
00699 - 05 11 51 57 74
00700 - 05 11 52 57 78
00701 - 05 11 53 57 79
00702 - 05 11 53 61 78
00703 - 05 11 53 64 74
00704 - 05 11 59 61 64
00705 - 05 11 59 61 79
00706 - 05 11 59 74 78
00707 - 05 11 64 74 79
00708 - 05 14 26 32 74
00709 - 05 14 26 41 44
00710 - 05 14 26 49 61
00711 - 05 14 26 51 53
00712 - 05 14 26 52 59
00713 - 05 14 26 57 64
00714 - 05 14 26 78 79
00715 - 05 14 32 41 78
00716 - 05 14 32 44 79
00717 - 05 14 32 49 53
00718 - 05 14 32 51 61
00719 - 05 14 32 52 64
00720 - 05 14 32 57 59
00721 - 05 14 41 49 64
00722 - 05 14 41 49 79
00723 - 05 14 41 51 59
00724 - 05 14 41 52 53
00725 - 05 14 41 57 61
00726 - 05 14 44 49 51
00727 - 05 14 44 52 57
00728 - 05 14 44 53 61
00729 - 05 14 44 59 74
00730 - 05 14 44 64 78
00731 - 05 14 49 52 78
00732 - 05 14 49 57 74
00733 - 05 14 51 52 74
00734 - 05 14 51 53 79
00735 - 05 14 51 57 78
00736 - 05 14 52 57 79
00737 - 05 14 53 59 64
00738 - 05 14 53 74 78
00739 - 05 14 59 61 78
00740 - 05 14 59 64 79
00741 - 05 14 61 64 74
00742 - 05 14 61 74 79
00743 - 05 26 32 41 44
00744 - 05 26 32 49 64
00745 - 05 26 32 49 79
00746 - 05 26 32 51 59
00747 - 05 26 32 52 53
00748 - 05 26 32 57 61
00749 - 05 26 41 44 74
00750 - 05 26 41 44 78
00751 - 05 26 41 44 79
00752 - 05 26 41 49 51
00753 - 05 26 41 52 57
00754 - 05 26 41 53 61
00755 - 05 26 41 59 64
00756 - 05 26 44 49 52
00757 - 05 26 44 51 57
00758 - 05 26 44 53 64
00759 - 05 26 44 59 61
00760 - 05 26 49 53 78
00761 - 05 26 49 59 74
00762 - 05 26 51 61 78
00763 - 05 26 51 64 74
00764 - 05 26 51 74 79
00765 - 05 26 52 61 64
00766 - 05 26 52 61 79
00767 - 05 26 52 74 78
00768 - 05 26 53 57 74
00769 - 05 26 53 64 79
00770 - 05 26 57 59 78
00771 - 05 26 57 59 79
00772 - 05 32 41 49 52
00773 - 05 32 41 51 57
00774 - 05 32 41 53 74
00775 - 05 32 41 59 61
00776 - 05 32 41 64 78
00777 - 05 32 44 49 59
00778 - 05 32 44 51 64
00779 - 05 32 44 52 61
00780 - 05 32 44 53 57
00781 - 05 32 44 78 79
00782 - 05 32 49 51 74
00783 - 05 32 49 57 78
00784 - 05 32 51 52 78
00785 - 05 32 51 59 79
00786 - 05 32 52 53 79
00787 - 05 32 52 57 74
00788 - 05 32 53 59 78
00789 - 05 32 53 61 64
00790 - 05 32 57 74 79
00791 - 05 32 59 64 74
00792 - 05 32 61 64 79
00793 - 05 32 61 74 78
00794 - 05 41 44 49 57
00795 - 05 41 44 51 52
00796 - 05 41 44 53 59
00797 - 05 41 44 61 64
00798 - 05 41 49 59 78
00799 - 05 41 49 61 74
00800 - 05 41 49 74 79
00801 - 05 41 51 53 64
00802 - 05 41 51 61 79
00803 - 05 41 51 74 78
00804 - 05 41 52 59 74
00805 - 05 41 52 59 79
00806 - 05 41 52 61 78
00807 - 05 41 53 57 78
00808 - 05 41 53 74 79
00809 - 05 41 57 64 74
00810 - 05 41 57 64 79
00811 - 05 44 49 53 74
00812 - 05 44 49 61 78
00813 - 05 44 51 53 78
00814 - 05 44 51 61 74
00815 - 05 44 51 64 79
00816 - 05 44 52 59 78
00817 - 05 44 52 64 74
00818 - 05 44 52 74 79
00819 - 05 44 53 59 79
00820 - 05 44 57 59 64
00821 - 05 44 57 61 79
00822 - 05 44 57 74 78
00823 - 05 49 51 52 53
00824 - 05 49 51 52 79
00825 - 05 49 51 57 59
00826 - 05 49 51 61 64
00827 - 05 49 52 57 61
00828 - 05 49 52 59 64
00829 - 05 49 53 57 64
00830 - 05 49 53 59 61
00831 - 05 49 53 61 79
00832 - 05 49 57 64 79
00833 - 05 49 59 78 79
00834 - 05 49 64 74 78
00835 - 05 51 52 57 64
00836 - 05 51 52 59 61
00837 - 05 51 53 57 61
00838 - 05 51 53 59 74
00839 - 05 51 57 78 79
00840 - 05 51 59 64 78
00841 - 05 52 53 57 59
00842 - 05 52 53 61 74
00843 - 05 52 53 64 78
00844 - 05 52 64 78 79
00845 - 05 53 61 78 79
00846 - 05 57 59 61 74
00847 - 05 57 61 64 78
00848 - 05 59 74 78 79
00849 - 11 14 26 32 41
00850 - 11 14 26 41 78
00851 - 11 14 26 44 74
00852 - 11 14 26 49 53
00853 - 11 14 26 51 61
00854 - 11 14 26 52 64
00855 - 11 14 26 57 59
00856 - 11 14 32 49 74
00857 - 11 14 32 51 59
00858 - 11 14 32 52 53
00859 - 11 14 32 57 61
00860 - 11 14 32 64 78
00861 - 11 14 32 78 79
00862 - 11 14 41 44 79
00863 - 11 14 41 49 51
00864 - 11 14 41 52 57
00865 - 11 14 41 53 61
00866 - 11 14 41 59 64
00867 - 11 14 44 49 52
00868 - 11 14 44 51 57
00869 - 11 14 44 53 64
00870 - 11 14 44 59 61
00871 - 11 14 49 57 78
00872 - 11 14 49 61 64
00873 - 11 14 49 61 79
00874 - 11 14 51 52 78
00875 - 11 14 51 53 74
00876 - 11 14 51 57 79
00877 - 11 14 52 53 79
00878 - 11 14 52 59 74
00879 - 11 14 53 59 78
00880 - 11 14 57 64 74
00881 - 11 14 59 74 79
00882 - 11 14 61 64 79
00883 - 11 14 61 74 78
00884 - 11 26 32 41 74
00885 - 11 26 32 44 79
00886 - 11 26 32 49 51
00887 - 11 26 32 52 57
00888 - 11 26 32 53 61
00889 - 11 26 32 59 64
00890 - 11 26 41 49 52
00891 - 11 26 41 49 79
00892 - 11 26 41 51 57
00893 - 11 26 41 53 64
00894 - 11 26 41 59 61
00895 - 11 26 44 49 59
00896 - 11 26 44 51 64
00897 - 11 26 44 52 61
00898 - 11 26 44 53 57
00899 - 11 26 44 78 79
00900 - 11 26 49 61 78
00901 - 11 26 49 64 74
00902 - 11 26 51 53 78
00903 - 11 26 51 59 74
00904 - 11 26 51 61 79
00905 - 11 26 52 53 74
00906 - 11 26 52 57 79
00907 - 11 26 52 59 78
00908 - 11 26 53 74 79
00909 - 11 26 57 61 64
00910 - 11 26 57 74 78
00911 - 11 26 59 64 79
00912 - 11 32 41 44 78
00913 - 11 32 41 49 59
00914 - 11 32 41 51 64
00915 - 11 32 41 52 61
00916 - 11 32 41 53 57
00917 - 11 32 44 49 57
00918 - 11 32 44 51 52
00919 - 11 32 44 53 59
00920 - 11 32 44 61 64
00921 - 11 32 49 52 78
00922 - 11 32 49 53 64
00923 - 11 32 49 53 79
00924 - 11 32 51 53 79
00925 - 11 32 51 57 78
00926 - 11 32 51 61 74
00927 - 11 32 52 59 79
00928 - 11 32 52 64 74
00929 - 11 32 53 74 78
00930 - 11 32 57 59 74
00931 - 11 32 57 64 79
00932 - 11 32 59 61 78
00933 - 11 32 61 74 79
00934 - 11 41 44 49 61
00935 - 11 41 44 51 53
00936 - 11 41 44 52 59
00937 - 11 41 44 57 74
00938 - 11 41 44 64 78
00939 - 11 41 49 57 64
00940 - 11 41 49 74 78
00941 - 11 41 51 52 74
00942 - 11 41 51 59 78
00943 - 11 41 51 59 79
00944 - 11 41 52 53 78
00945 - 11 41 52 61 79
00946 - 11 41 53 59 74
00947 - 11 41 53 64 79
00948 - 11 41 57 61 78
00949 - 11 41 57 74 79
00950 - 11 41 61 64 74
00951 - 11 44 49 51 74
00952 - 11 44 49 53 78
00953 - 11 44 49 74 79
00954 - 11 44 51 61 78
00955 - 11 44 51 74 79
00956 - 11 44 52 57 64
00957 - 11 44 52 64 79
00958 - 11 44 52 74 78
00959 - 11 44 53 61 74
00960 - 11 44 53 61 79
00961 - 11 44 57 59 78
00962 - 11 44 57 59 79
00963 - 11 44 59 64 74
00964 - 11 49 51 52 64
00965 - 11 49 51 53 59
00966 - 11 49 51 57 61
00967 - 11 49 51 78 79
00968 - 11 49 52 53 61
00969 - 11 49 52 57 59
00970 - 11 49 52 57 79
00971 - 11 49 53 57 74
00972 - 11 49 59 61 74
00973 - 11 49 59 64 78
00974 - 11 49 59 64 79
00975 - 11 51 52 53 57
00976 - 11 51 52 59 61
00977 - 11 51 53 61 64
00978 - 11 51 57 59 64
00979 - 11 51 64 74 78
00980 - 11 51 64 78 79
00981 - 11 52 53 59 64
00982 - 11 52 57 61 74
00983 - 11 52 61 64 78
00984 - 11 52 74 78 79
00985 - 11 53 57 59 61
00986 - 11 53 57 64 78
00987 - 11 53 59 78 79
00988 - 11 57 61 78 79
00989 - 14 26 32 41 79
00990 - 14 26 32 44 78
00991 - 14 26 32 49 52
00992 - 14 26 32 51 57
00993 - 14 26 32 53 64
00994 - 14 26 32 59 61
00995 - 14 26 41 49 59
00996 - 14 26 41 51 74
00997 - 14 26 41 52 61
00998 - 14 26 41 53 57
00999 - 14 26 41 64 78
01000 - 14 26 44 49 57
01001 - 14 26 44 49 79
01002 - 14 26 44 51 52
01003 - 14 26 44 53 59
01004 - 14 26 44 61 64
01005 - 14 26 49 51 64
01006 - 14 26 49 74 78
01007 - 14 26 51 52 79
01008 - 14 26 51 59 78
01009 - 14 26 52 53 78
01010 - 14 26 52 57 74
01011 - 14 26 53 57 79
01012 - 14 26 53 61 74
01013 - 14 26 57 61 78
01014 - 14 26 59 61 79
01015 - 14 26 59 64 74
01016 - 14 26 64 74 79
01017 - 14 32 41 44 74
01018 - 14 32 41 49 57
01019 - 14 32 41 51 52
01020 - 14 32 41 53 59
01021 - 14 32 41 61 64
01022 - 14 32 44 49 61
01023 - 14 32 44 51 53
01024 - 14 32 44 52 59
01025 - 14 32 44 57 64
01026 - 14 32 49 51 78
01027 - 14 32 49 59 64
01028 - 14 32 49 74 79
01029 - 14 32 51 64 74
01030 - 14 32 51 64 79
01031 - 14 32 52 57 78
01032 - 14 32 52 61 74
01033 - 14 32 52 74 79
01034 - 14 32 53 57 74
01035 - 14 32 53 59 79
01036 - 14 32 53 61 78
01037 - 14 32 57 61 79
01038 - 14 32 59 74 78
01039 - 14 41 44 49 53
01040 - 14 41 44 51 61
01041 - 14 41 44 52 64
01042 - 14 41 44 57 59
01043 - 14 41 44 78 79
01044 - 14 41 49 52 74
01045 - 14 41 49 61 78
01046 - 14 41 51 53 78
01047 - 14 41 51 57 64
01048 - 14 41 51 74 79
01049 - 14 41 52 59 78
01050 - 14 41 52 64 79
01051 - 14 41 53 61 79
01052 - 14 41 53 64 74
01053 - 14 41 57 59 79
01054 - 14 41 57 74 78
01055 - 14 41 59 61 74
01056 - 14 44 49 59 78
01057 - 14 44 49 64 74
01058 - 14 44 51 59 64
01059 - 14 44 51 59 79
01060 - 14 44 51 74 78
01061 - 14 44 52 53 74
01062 - 14 44 52 61 78
01063 - 14 44 52 61 79
01064 - 14 44 53 57 78
01065 - 14 44 53 64 79
01066 - 14 44 57 61 74
01067 - 14 44 57 74 79
01068 - 14 49 51 52 59
01069 - 14 49 51 53 57
01070 - 14 49 51 57 79
01071 - 14 49 51 61 74
01072 - 14 49 52 53 61
01073 - 14 49 52 53 79
01074 - 14 49 52 57 64
01075 - 14 49 52 59 79
01076 - 14 49 53 59 74
01077 - 14 49 53 64 78
01078 - 14 49 57 59 61
01079 - 14 49 64 78 79
01080 - 14 51 52 53 64
01081 - 14 51 52 57 61
01082 - 14 51 53 59 61
01083 - 14 51 57 59 74
01084 - 14 51 61 64 78
01085 - 14 51 61 78 79
01086 - 14 52 53 57 59
01087 - 14 52 59 61 64
01088 - 14 52 59 78 79
01089 - 14 52 64 74 78
01090 - 14 53 57 61 64
01091 - 14 53 74 78 79
01092 - 14 57 59 64 78
01093 - 14 57 64 78 79
01094 - 26 32 41 49 61
01095 - 26 32 41 51 53
01096 - 26 32 41 52 59
01097 - 26 32 41 57 64
01098 - 26 32 41 78 79
01099 - 26 32 44 49 53
01100 - 26 32 44 51 61
01101 - 26 32 44 52 74
01102 - 26 32 44 57 59
01103 - 26 32 44 64 78
01104 - 26 32 49 57 74
01105 - 26 32 49 59 78
01106 - 26 32 51 52 64
01107 - 26 32 51 57 79
01108 - 26 32 51 74 78
01109 - 26 32 52 61 78
01110 - 26 32 52 64 79
01111 - 26 32 53 57 78
01112 - 26 32 53 59 74
01113 - 26 32 53 61 79
01114 - 26 32 59 74 79
01115 - 26 32 61 64 74
01116 - 26 41 44 49 64
01117 - 26 41 44 51 59
01118 - 26 41 44 52 53
01119 - 26 41 44 57 61
01120 - 26 41 49 53 74
01121 - 26 41 49 57 78
01122 - 26 41 51 52 78
01123 - 26 41 51 61 64
01124 - 26 41 51 64 79
01125 - 26 41 52 64 74
01126 - 26 41 52 74 79
01127 - 26 41 53 59 78
01128 - 26 41 53 59 79
01129 - 26 41 57 59 74
01130 - 26 41 57 61 79
01131 - 26 41 61 74 78
01132 - 26 44 49 51 78
01133 - 26 44 49 61 74
01134 - 26 44 51 53 74
01135 - 26 44 51 53 79
01136 - 26 44 52 57 78
01137 - 26 44 52 59 64
01138 - 26 44 52 59 79
01139 - 26 44 53 61 78
01140 - 26 44 57 64 74
01141 - 26 44 57 64 79
01142 - 26 44 59 74 78
01143 - 26 44 61 74 79
01144 - 26 49 51 52 74
01145 - 26 49 51 53 57
01146 - 26 49 51 59 61
01147 - 26 49 51 74 79
01148 - 26 49 52 53 59
01149 - 26 49 52 57 61
01150 - 26 49 52 59 79
01151 - 26 49 52 64 78
01152 - 26 49 53 61 64
01153 - 26 49 53 64 79
01154 - 26 49 57 59 64
01155 - 26 49 57 61 79
01156 - 26 49 61 78 79
01157 - 26 51 52 53 61
01158 - 26 51 52 57 59
01159 - 26 51 53 59 64
01160 - 26 51 57 61 74
01161 - 26 51 57 64 78
01162 - 26 51 59 78 79
01163 - 26 52 53 57 64
01164 - 26 52 53 78 79
01165 - 26 52 59 61 74
01166 - 26 53 57 59 61
01167 - 26 53 64 74 78
01168 - 26 57 74 78 79
01169 - 26 59 61 64 78
01170 - 26 61 64 78 79
01171 - 32 41 44 49 51
01172 - 32 41 44 49 79
01173 - 32 41 44 52 57
01174 - 32 41 44 53 61
01175 - 32 41 44 59 64
01176 - 32 41 49 53 78
01177 - 32 41 49 64 74
01178 - 32 41 51 52 79
01179 - 32 41 51 59 74
01180 - 32 41 51 61 78
01181 - 32 41 52 53 64
01182 - 32 41 52 74 78
01183 - 32 41 53 57 79
01184 - 32 41 57 59 78
01185 - 32 41 57 61 74
01186 - 32 41 59 61 79
01187 - 32 41 64 74 79
01188 - 32 44 49 52 64
01189 - 32 44 49 74 78
01190 - 32 44 51 57 74
01191 - 32 44 51 59 78
01192 - 32 44 51 61 79
01193 - 32 44 52 53 78
01194 - 32 44 52 57 79
01195 - 32 44 53 64 74
01196 - 32 44 53 74 79
01197 - 32 44 57 61 78
01198 - 32 44 59 61 74
01199 - 32 44 59 64 79
01200 - 32 49 51 52 61
01201 - 32 49 51 53 59
01202 - 32 49 51 57 64
01203 - 32 49 51 64 79
01204 - 32 49 52 53 57
01205 - 32 49 52 57 79
01206 - 32 49 52 59 74
01207 - 32 49 53 61 74
01208 - 32 49 53 78 79
01209 - 32 49 57 59 61
01210 - 32 49 59 61 79
01211 - 32 49 61 64 78
01212 - 32 51 52 53 74
01213 - 32 51 52 57 59
01214 - 32 51 53 57 61
01215 - 32 51 53 64 78
01216 - 32 51 59 61 64
01217 - 32 51 74 78 79
01218 - 32 52 53 59 61
01219 - 32 52 57 61 64
01220 - 32 52 59 64 78
01221 - 32 52 61 78 79
01222 - 32 53 57 59 64
01223 - 32 53 64 78 79
01224 - 32 57 59 78 79
01225 - 32 57 64 74 78
01226 - 41 44 49 52 78
01227 - 41 44 49 59 74
01228 - 41 44 51 57 78
01229 - 41 44 51 57 79
01230 - 41 44 51 64 74
01231 - 41 44 52 53 79
01232 - 41 44 52 61 74
01233 - 41 44 53 57 64
01234 - 41 44 53 74 78
01235 - 41 44 59 61 78
01236 - 41 44 59 74 79
01237 - 41 44 61 64 79
01238 - 41 49 51 52 53
01239 - 41 49 51 57 74
01240 - 41 49 51 59 61
01241 - 41 49 51 61 79
01242 - 41 49 51 64 78
01243 - 41 49 52 57 59
01244 - 41 49 52 61 64
01245 - 41 49 52 64 79
01246 - 41 49 53 57 61
01247 - 41 49 53 59 64
01248 - 41 49 53 59 79
01249 - 41 49 57 78 79
01250 - 41 51 52 57 61
01251 - 41 51 52 59 64
01252 - 41 51 53 57 59
01253 - 41 51 53 61 74
01254 - 41 51 53 78 79
01255 - 41 52 53 57 74
01256 - 41 52 53 59 61
01257 - 41 52 57 64 78
01258 - 41 52 57 78 79
01259 - 41 53 61 64 78
01260 - 41 57 59 61 64
01261 - 41 59 64 74 78
01262 - 41 59 64 78 79
01263 - 41 61 74 78 79
01264 - 44 49 51 52 61
01265 - 44 49 51 53 64
01266 - 44 49 51 57 59
01267 - 44 49 51 59 79
01268 - 44 49 52 53 59
01269 - 44 49 52 57 74
01270 - 44 49 52 78 79
01271 - 44 49 53 57 61
01272 - 44 49 53 57 79
01273 - 44 49 57 64 78
01274 - 44 49 59 61 64
01275 - 44 49 61 64 79
01276 - 44 51 52 53 57
01277 - 44 51 52 59 74
01278 - 44 51 52 64 78
01279 - 44 51 52 78 79
01280 - 44 51 53 59 61
01281 - 44 51 57 61 64
01282 - 44 52 53 61 64
01283 - 44 52 57 59 61
01284 - 44 53 57 59 74
01285 - 44 53 57 78 79
01286 - 44 53 59 64 78
01287 - 44 59 61 78 79
01288 - 44 61 64 74 78
01289 - 44 64 74 78 79
01290 - 49 51 52 57 78
01291 - 49 51 53 61 78
01292 - 49 51 53 74 79
01293 - 49 51 59 64 74
01294 - 49 51 59 74 78
01295 - 49 52 53 64 74
01296 - 49 52 53 74 78
01297 - 49 52 59 61 78
01298 - 49 52 61 74 79
01299 - 49 53 57 59 78
01300 - 49 57 59 74 79
01301 - 49 57 61 64 74
01302 - 49 57 61 74 78
01303 - 49 64 74 78 79
01304 - 51 52 53 59 78
01305 - 51 52 53 61 79
01306 - 51 52 57 74 79
01307 - 51 52 59 64 79
01308 - 51 52 61 64 74
01309 - 51 52 61 74 78
01310 - 51 53 57 59 79
01311 - 51 53 57 64 74
01312 - 51 53 57 74 78
01313 - 51 53 64 74 79
01314 - 51 57 59 61 78
01315 - 51 57 61 64 79
01316 - 51 59 61 74 79
01317 - 52 53 57 61 78
01318 - 52 53 57 64 79
01319 - 52 53 59 74 79
01320 - 52 57 59 61 79
01321 - 52 57 59 64 74
01322 - 52 57 59 74 78
01323 - 52 61 64 74 79
01324 - 53 57 61 74 79
01325 - 53 59 61 64 74
01326 - 53 59 61 64 79
01327 - 53 59 61 74 78
01328 - 57 59 64 74 79