00001 - 01 02 03 08 10
00002 - 01 02 03 08 12
00003 - 01 02 03 08 15
00004 - 01 02 03 08 28
00005 - 01 02 03 08 45
00006 - 01 02 03 08 51
00007 - 01 02 03 10 12
00008 - 01 02 03 10 15
00009 - 01 02 03 10 28
00010 - 01 02 03 10 45
00011 - 01 02 03 10 51
00012 - 01 02 03 12 15
00013 - 01 02 03 12 28
00014 - 01 02 03 12 45
00015 - 01 02 03 12 51
00016 - 01 02 03 15 28
00017 - 01 02 03 15 45
00018 - 01 02 03 15 51
00019 - 01 02 03 28 45
00020 - 01 02 03 28 51
00021 - 01 02 03 45 51
00022 - 01 02 08 10 12
00023 - 01 02 08 10 15
00024 - 01 02 08 10 28
00025 - 01 02 08 10 45
00026 - 01 02 08 10 51
00027 - 01 02 08 12 15
00028 - 01 02 08 12 28
00029 - 01 02 08 12 45
00030 - 01 02 08 12 51
00031 - 01 02 08 15 28
00032 - 01 02 08 15 45
00033 - 01 02 08 15 51
00034 - 01 02 08 28 45
00035 - 01 02 08 28 51
00036 - 01 02 08 45 51
00037 - 01 02 10 12 15
00038 - 01 02 10 12 28
00039 - 01 02 10 12 45
00040 - 01 02 10 12 51
00041 - 01 02 10 15 28
00042 - 01 02 10 15 45
00043 - 01 02 10 15 51
00044 - 01 02 10 28 45
00045 - 01 02 10 28 51
00046 - 01 02 10 45 51
00047 - 01 02 12 15 28
00048 - 01 02 12 15 45
00049 - 01 02 12 15 51
00050 - 01 02 12 28 45
00051 - 01 02 12 28 51
00052 - 01 02 12 45 51
00053 - 01 02 15 28 45
00054 - 01 02 15 28 51
00055 - 01 02 15 45 51
00056 - 01 02 28 45 51
00057 - 01 03 08 10 12
00058 - 01 03 08 10 15
00059 - 01 03 08 10 28
00060 - 01 03 08 10 45
00061 - 01 03 08 10 51
00062 - 01 03 08 12 15
00063 - 01 03 08 12 28
00064 - 01 03 08 12 45
00065 - 01 03 08 12 51
00066 - 01 03 08 15 28
00067 - 01 03 08 15 45
00068 - 01 03 08 15 51
00069 - 01 03 08 28 45
00070 - 01 03 08 28 51
00071 - 01 03 08 45 51
00072 - 01 03 10 12 15
00073 - 01 03 10 12 28
00074 - 01 03 10 12 45
00075 - 01 03 10 12 51
00076 - 01 03 10 15 28
00077 - 01 03 10 15 45
00078 - 01 03 10 15 51
00079 - 01 03 10 28 45
00080 - 01 03 10 28 51
00081 - 01 03 10 45 51
00082 - 01 03 12 15 28
00083 - 01 03 12 15 45
00084 - 01 03 12 15 51
00085 - 01 03 12 28 45
00086 - 01 03 12 28 51
00087 - 01 03 12 45 51
00088 - 01 03 15 28 45
00089 - 01 03 15 28 51
00090 - 01 03 15 45 51
00091 - 01 03 28 45 51
00092 - 01 07 10 16 19
00093 - 01 07 10 16 20
00094 - 01 07 10 16 39
00095 - 01 07 10 16 46
00096 - 01 07 10 16 53
00097 - 01 07 10 16 69
00098 - 01 07 10 19 20
00099 - 01 07 10 19 39
00100 - 01 07 10 19 46
00101 - 01 07 10 19 53
00102 - 01 07 10 19 69
00103 - 01 07 10 20 39
00104 - 01 07 10 20 46
00105 - 01 07 10 20 53
00106 - 01 07 10 20 69
00107 - 01 07 10 39 46
00108 - 01 07 10 39 53
00109 - 01 07 10 39 69
00110 - 01 07 10 46 53
00111 - 01 07 10 46 69
00112 - 01 07 10 53 69
00113 - 01 07 16 19 20
00114 - 01 07 16 19 39
00115 - 01 07 16 19 46
00116 - 01 07 16 19 53
00117 - 01 07 16 19 69
00118 - 01 07 16 20 39
00119 - 01 07 16 20 46
00120 - 01 07 16 20 53
00121 - 01 07 16 20 69
00122 - 01 07 16 39 46
00123 - 01 07 16 39 53
00124 - 01 07 16 39 69
00125 - 01 07 16 46 53
00126 - 01 07 16 46 69
00127 - 01 07 16 53 69
00128 - 01 07 19 20 39
00129 - 01 07 19 20 46
00130 - 01 07 19 20 53
00131 - 01 07 19 20 69
00132 - 01 07 19 39 46
00133 - 01 07 19 39 53
00134 - 01 07 19 39 69
00135 - 01 07 19 46 53
00136 - 01 07 19 46 69
00137 - 01 07 19 53 69
00138 - 01 07 20 39 46
00139 - 01 07 20 39 53
00140 - 01 07 20 39 69
00141 - 01 07 20 46 53
00142 - 01 07 20 46 69
00143 - 01 07 20 53 69
00144 - 01 07 39 46 53
00145 - 01 07 39 46 69
00146 - 01 07 39 53 69
00147 - 01 07 46 53 69
00148 - 01 08 10 12 15
00149 - 01 08 10 12 28
00150 - 01 08 10 12 45
00151 - 01 08 10 12 51
00152 - 01 08 10 15 28
00153 - 01 08 10 15 45
00154 - 01 08 10 15 51
00155 - 01 08 10 28 45
00156 - 01 08 10 28 51
00157 - 01 08 10 45 51
00158 - 01 08 12 15 28
00159 - 01 08 12 15 45
00160 - 01 08 12 15 51
00161 - 01 08 12 28 45
00162 - 01 08 12 28 51
00163 - 01 08 12 45 51
00164 - 01 08 15 28 45
00165 - 01 08 15 28 51
00166 - 01 08 15 45 51
00167 - 01 08 28 45 51
00168 - 01 10 12 15 28
00169 - 01 10 12 15 45
00170 - 01 10 12 15 51
00171 - 01 10 12 28 45
00172 - 01 10 12 28 51
00173 - 01 10 12 45 51
00174 - 01 10 15 28 45
00175 - 01 10 15 28 51
00176 - 01 10 15 45 51
00177 - 01 10 16 19 20
00178 - 01 10 16 19 39
00179 - 01 10 16 19 46
00180 - 01 10 16 19 53
00181 - 01 10 16 19 69
00182 - 01 10 16 20 39
00183 - 01 10 16 20 46
00184 - 01 10 16 20 53
00185 - 01 10 16 20 69
00186 - 01 10 16 39 46
00187 - 01 10 16 39 53
00188 - 01 10 16 39 69
00189 - 01 10 16 46 53
00190 - 01 10 16 46 69
00191 - 01 10 16 53 69
00192 - 01 10 19 20 39
00193 - 01 10 19 20 46
00194 - 01 10 19 20 53
00195 - 01 10 19 20 69
00196 - 01 10 19 39 46
00197 - 01 10 19 39 53
00198 - 01 10 19 39 69
00199 - 01 10 19 46 53
00200 - 01 10 19 46 69
00201 - 01 10 19 53 69
00202 - 01 10 20 39 46
00203 - 01 10 20 39 53
00204 - 01 10 20 39 69
00205 - 01 10 20 46 53
00206 - 01 10 20 46 69
00207 - 01 10 20 53 69
00208 - 01 10 26 27 33
00209 - 01 10 26 27 52
00210 - 01 10 26 27 54
00211 - 01 10 26 27 61
00212 - 01 10 26 27 68
00213 - 01 10 26 27 69
00214 - 01 10 26 33 52
00215 - 01 10 26 33 54
00216 - 01 10 26 33 61
00217 - 01 10 26 33 68
00218 - 01 10 26 33 69
00219 - 01 10 26 52 54
00220 - 01 10 26 52 61
00221 - 01 10 26 52 68
00222 - 01 10 26 52 69
00223 - 01 10 26 54 61
00224 - 01 10 26 54 68
00225 - 01 10 26 54 69
00226 - 01 10 26 61 68
00227 - 01 10 26 61 69
00228 - 01 10 26 68 69
00229 - 01 10 27 33 52
00230 - 01 10 27 33 54
00231 - 01 10 27 33 61
00232 - 01 10 27 33 68
00233 - 01 10 27 33 69
00234 - 01 10 27 52 54
00235 - 01 10 27 52 61
00236 - 01 10 27 52 68
00237 - 01 10 27 52 69
00238 - 01 10 27 54 61
00239 - 01 10 27 54 68
00240 - 01 10 27 54 69
00241 - 01 10 27 61 68
00242 - 01 10 27 61 69
00243 - 01 10 27 68 69
00244 - 01 10 28 45 51
00245 - 01 10 33 52 54
00246 - 01 10 33 52 61
00247 - 01 10 33 52 68
00248 - 01 10 33 52 69
00249 - 01 10 33 54 61
00250 - 01 10 33 54 68
00251 - 01 10 33 54 69
00252 - 01 10 33 61 68
00253 - 01 10 33 61 69
00254 - 01 10 33 68 69
00255 - 01 10 39 46 53
00256 - 01 10 39 46 69
00257 - 01 10 39 53 69
00258 - 01 10 46 53 69
00259 - 01 10 52 54 61
00260 - 01 10 52 54 68
00261 - 01 10 52 54 69
00262 - 01 10 52 61 68
00263 - 01 10 52 61 69
00264 - 01 10 52 68 69
00265 - 01 10 54 61 68
00266 - 01 10 54 61 69
00267 - 01 10 54 68 69
00268 - 01 10 61 68 69
00269 - 01 12 15 28 45
00270 - 01 12 15 28 51
00271 - 01 12 15 45 51
00272 - 01 12 28 45 51
00273 - 01 15 28 45 51
00274 - 01 16 19 20 39
00275 - 01 16 19 20 46
00276 - 01 16 19 20 53
00277 - 01 16 19 20 69
00278 - 01 16 19 39 46
00279 - 01 16 19 39 53
00280 - 01 16 19 39 69
00281 - 01 16 19 46 53
00282 - 01 16 19 46 69
00283 - 01 16 19 53 69
00284 - 01 16 20 39 46
00285 - 01 16 20 39 53
00286 - 01 16 20 39 69
00287 - 01 16 20 46 53
00288 - 01 16 20 46 69
00289 - 01 16 20 53 69
00290 - 01 16 24 31 42
00291 - 01 16 24 31 55
00292 - 01 16 24 31 58
00293 - 01 16 24 31 62
00294 - 01 16 24 31 73
00295 - 01 16 24 31 75
00296 - 01 16 24 42 55
00297 - 01 16 24 42 58
00298 - 01 16 24 42 62
00299 - 01 16 24 42 73
00300 - 01 16 24 42 75
00301 - 01 16 24 55 58
00302 - 01 16 24 55 62
00303 - 01 16 24 55 73
00304 - 01 16 24 55 75
00305 - 01 16 24 58 62
00306 - 01 16 24 58 73
00307 - 01 16 24 58 75
00308 - 01 16 24 62 73
00309 - 01 16 24 62 75
00310 - 01 16 24 73 75
00311 - 01 16 31 42 55
00312 - 01 16 31 42 58
00313 - 01 16 31 42 62
00314 - 01 16 31 42 73
00315 - 01 16 31 42 75
00316 - 01 16 31 55 58
00317 - 01 16 31 55 62
00318 - 01 16 31 55 73
00319 - 01 16 31 55 75
00320 - 01 16 31 58 62
00321 - 01 16 31 58 73
00322 - 01 16 31 58 75
00323 - 01 16 31 62 73
00324 - 01 16 31 62 75
00325 - 01 16 31 73 75
00326 - 01 16 39 46 53
00327 - 01 16 39 46 69
00328 - 01 16 39 53 69
00329 - 01 16 42 55 58
00330 - 01 16 42 55 62
00331 - 01 16 42 55 73
00332 - 01 16 42 55 75
00333 - 01 16 42 58 62
00334 - 01 16 42 58 73
00335 - 01 16 42 58 75
00336 - 01 16 42 62 73
00337 - 01 16 42 62 75
00338 - 01 16 42 73 75
00339 - 01 16 46 53 69
00340 - 01 16 55 58 62
00341 - 01 16 55 58 73
00342 - 01 16 55 58 75
00343 - 01 16 55 62 73
00344 - 01 16 55 62 75
00345 - 01 16 55 73 75
00346 - 01 16 58 62 73
00347 - 01 16 58 62 75
00348 - 01 16 58 73 75
00349 - 01 16 62 73 75
00350 - 01 19 20 39 46
00351 - 01 19 20 39 53
00352 - 01 19 20 39 69
00353 - 01 19 20 46 53
00354 - 01 19 20 46 69
00355 - 01 19 20 53 69
00356 - 01 19 39 46 53
00357 - 01 19 39 46 69
00358 - 01 19 39 53 69
00359 - 01 19 46 53 69
00360 - 01 20 29 33 34
00361 - 01 20 29 33 62
00362 - 01 20 29 33 66
00363 - 01 20 29 33 67
00364 - 01 20 29 33 74
00365 - 01 20 29 33 77
00366 - 01 20 29 34 62
00367 - 01 20 29 34 66
00368 - 01 20 29 34 67
00369 - 01 20 29 34 74
00370 - 01 20 29 34 77
00371 - 01 20 29 62 66
00372 - 01 20 29 62 67
00373 - 01 20 29 62 74
00374 - 01 20 29 62 77
00375 - 01 20 29 66 67
00376 - 01 20 29 66 74
00377 - 01 20 29 66 77
00378 - 01 20 29 67 74
00379 - 01 20 29 67 77
00380 - 01 20 29 74 77
00381 - 01 20 33 34 62
00382 - 01 20 33 34 66
00383 - 01 20 33 34 67
00384 - 01 20 33 34 74
00385 - 01 20 33 34 77
00386 - 01 20 33 62 66
00387 - 01 20 33 62 67
00388 - 01 20 33 62 74
00389 - 01 20 33 62 77
00390 - 01 20 33 66 67
00391 - 01 20 33 66 74
00392 - 01 20 33 66 77
00393 - 01 20 33 67 74
00394 - 01 20 33 67 77
00395 - 01 20 33 74 77
00396 - 01 20 34 62 66
00397 - 01 20 34 62 67
00398 - 01 20 34 62 74
00399 - 01 20 34 62 77
00400 - 01 20 34 66 67
00401 - 01 20 34 66 74
00402 - 01 20 34 66 77
00403 - 01 20 34 67 74
00404 - 01 20 34 67 77
00405 - 01 20 34 74 77
00406 - 01 20 39 46 53
00407 - 01 20 39 46 69
00408 - 01 20 39 53 69
00409 - 01 20 46 53 69
00410 - 01 20 62 66 67
00411 - 01 20 62 66 74
00412 - 01 20 62 66 77
00413 - 01 20 62 67 74
00414 - 01 20 62 67 77
00415 - 01 20 62 74 77
00416 - 01 20 66 67 74
00417 - 01 20 66 67 77
00418 - 01 20 66 74 77
00419 - 01 20 67 74 77
00420 - 01 24 31 42 55
00421 - 01 24 31 42 58
00422 - 01 24 31 42 62
00423 - 01 24 31 42 73
00424 - 01 24 31 42 75
00425 - 01 24 31 55 58
00426 - 01 24 31 55 62
00427 - 01 24 31 55 73
00428 - 01 24 31 55 75
00429 - 01 24 31 58 62
00430 - 01 24 31 58 73
00431 - 01 24 31 58 75
00432 - 01 24 31 62 73
00433 - 01 24 31 62 75
00434 - 01 24 31 73 75
00435 - 01 24 42 55 58
00436 - 01 24 42 55 62
00437 - 01 24 42 55 73
00438 - 01 24 42 55 75
00439 - 01 24 42 58 62
00440 - 01 24 42 58 73
00441 - 01 24 42 58 75
00442 - 01 24 42 62 73
00443 - 01 24 42 62 75
00444 - 01 24 42 73 75
00445 - 01 24 55 58 62
00446 - 01 24 55 58 73
00447 - 01 24 55 58 75
00448 - 01 24 55 62 73
00449 - 01 24 55 62 75
00450 - 01 24 55 73 75
00451 - 01 24 58 62 73
00452 - 01 24 58 62 75
00453 - 01 24 58 73 75
00454 - 01 24 62 73 75
00455 - 01 26 27 33 52
00456 - 01 26 27 33 54
00457 - 01 26 27 33 61
00458 - 01 26 27 33 68
00459 - 01 26 27 33 69
00460 - 01 26 27 52 54
00461 - 01 26 27 52 61
00462 - 01 26 27 52 68
00463 - 01 26 27 52 69
00464 - 01 26 27 54 61
00465 - 01 26 27 54 68
00466 - 01 26 27 54 69
00467 - 01 26 27 61 68
00468 - 01 26 27 61 69
00469 - 01 26 27 68 69
00470 - 01 26 33 52 54
00471 - 01 26 33 52 61
00472 - 01 26 33 52 68
00473 - 01 26 33 52 69
00474 - 01 26 33 54 61
00475 - 01 26 33 54 68
00476 - 01 26 33 54 69
00477 - 01 26 33 61 68
00478 - 01 26 33 61 69
00479 - 01 26 33 68 69
00480 - 01 26 52 54 61
00481 - 01 26 52 54 68
00482 - 01 26 52 54 69
00483 - 01 26 52 61 68
00484 - 01 26 52 61 69
00485 - 01 26 52 68 69
00486 - 01 26 54 61 68
00487 - 01 26 54 61 69
00488 - 01 26 54 68 69
00489 - 01 26 61 68 69
00490 - 01 27 33 52 54
00491 - 01 27 33 52 61
00492 - 01 27 33 52 68
00493 - 01 27 33 52 69
00494 - 01 27 33 54 61
00495 - 01 27 33 54 68
00496 - 01 27 33 54 69
00497 - 01 27 33 61 68
00498 - 01 27 33 61 69
00499 - 01 27 33 68 69
00500 - 01 27 52 54 61
00501 - 01 27 52 54 68
00502 - 01 27 52 54 69
00503 - 01 27 52 61 68
00504 - 01 27 52 61 69
00505 - 01 27 52 68 69
00506 - 01 27 54 61 68
00507 - 01 27 54 61 69
00508 - 01 27 54 68 69
00509 - 01 27 61 68 69
00510 - 01 29 33 34 62
00511 - 01 29 33 34 66
00512 - 01 29 33 34 67
00513 - 01 29 33 34 74
00514 - 01 29 33 34 77
00515 - 01 29 33 62 66
00516 - 01 29 33 62 67
00517 - 01 29 33 62 74
00518 - 01 29 33 62 77
00519 - 01 29 33 66 67
00520 - 01 29 33 66 74
00521 - 01 29 33 66 77
00522 - 01 29 33 67 74
00523 - 01 29 33 67 77
00524 - 01 29 33 74 77
00525 - 01 29 34 62 66
00526 - 01 29 34 62 67
00527 - 01 29 34 62 74
00528 - 01 29 34 62 77
00529 - 01 29 34 66 67
00530 - 01 29 34 66 74
00531 - 01 29 34 66 77
00532 - 01 29 34 67 74
00533 - 01 29 34 67 77
00534 - 01 29 34 74 77
00535 - 01 29 62 66 67
00536 - 01 29 62 66 74
00537 - 01 29 62 66 77
00538 - 01 29 62 67 74
00539 - 01 29 62 67 77
00540 - 01 29 62 74 77
00541 - 01 29 66 67 74
00542 - 01 29 66 67 77
00543 - 01 29 66 74 77
00544 - 01 29 67 74 77
00545 - 01 31 42 55 58
00546 - 01 31 42 55 62
00547 - 01 31 42 55 73
00548 - 01 31 42 55 75
00549 - 01 31 42 58 62
00550 - 01 31 42 58 73
00551 - 01 31 42 58 75
00552 - 01 31 42 62 73
00553 - 01 31 42 62 75
00554 - 01 31 42 73 75
00555 - 01 31 55 58 62
00556 - 01 31 55 58 73
00557 - 01 31 55 58 75
00558 - 01 31 55 62 73
00559 - 01 31 55 62 75
00560 - 01 31 55 73 75
00561 - 01 31 58 62 73
00562 - 01 31 58 62 75
00563 - 01 31 58 73 75
00564 - 01 31 62 73 75
00565 - 01 33 34 62 66
00566 - 01 33 34 62 67
00567 - 01 33 34 62 74
00568 - 01 33 34 62 77
00569 - 01 33 34 66 67
00570 - 01 33 34 66 74
00571 - 01 33 34 66 77
00572 - 01 33 34 67 74
00573 - 01 33 34 67 77
00574 - 01 33 34 74 77
00575 - 01 33 52 54 61
00576 - 01 33 52 54 68
00577 - 01 33 52 54 69
00578 - 01 33 52 61 68
00579 - 01 33 52 61 69
00580 - 01 33 52 68 69
00581 - 01 33 54 61 68
00582 - 01 33 54 61 69
00583 - 01 33 54 68 69
00584 - 01 33 61 68 69
00585 - 01 33 62 66 67
00586 - 01 33 62 66 74
00587 - 01 33 62 66 77
00588 - 01 33 62 67 74
00589 - 01 33 62 67 77
00590 - 01 33 62 74 77
00591 - 01 33 66 67 74
00592 - 01 33 66 67 77
00593 - 01 33 66 74 77
00594 - 01 33 67 74 77
00595 - 01 34 62 66 67
00596 - 01 34 62 66 74
00597 - 01 34 62 66 77
00598 - 01 34 62 67 74
00599 - 01 34 62 67 77
00600 - 01 34 62 74 77
00601 - 01 34 66 67 74
00602 - 01 34 66 67 77
00603 - 01 34 66 74 77
00604 - 01 34 67 74 77
00605 - 01 39 46 53 69
00606 - 01 42 55 58 62
00607 - 01 42 55 58 73
00608 - 01 42 55 58 75
00609 - 01 42 55 62 73
00610 - 01 42 55 62 75
00611 - 01 42 55 73 75
00612 - 01 42 58 62 73
00613 - 01 42 58 62 75
00614 - 01 42 58 73 75
00615 - 01 42 62 73 75
00616 - 01 52 54 61 68
00617 - 01 52 54 61 69
00618 - 01 52 54 68 69
00619 - 01 52 61 68 69
00620 - 01 54 61 68 69
00621 - 01 55 58 62 73
00622 - 01 55 58 62 75
00623 - 01 55 58 73 75
00624 - 01 55 62 73 75
00625 - 01 58 62 73 75
00626 - 01 62 66 67 74
00627 - 01 62 66 67 77
00628 - 01 62 66 74 77
00629 - 01 62 67 74 77
00630 - 01 66 67 74 77
00631 - 02 03 08 10 12
00632 - 02 03 08 10 15
00633 - 02 03 08 10 28
00634 - 02 03 08 10 45
00635 - 02 03 08 10 51
00636 - 02 03 08 12 15
00637 - 02 03 08 12 28
00638 - 02 03 08 12 45
00639 - 02 03 08 12 51
00640 - 02 03 08 15 28
00641 - 02 03 08 15 45
00642 - 02 03 08 15 51
00643 - 02 03 08 28 45
00644 - 02 03 08 28 51
00645 - 02 03 08 45 51
00646 - 02 03 10 12 15
00647 - 02 03 10 12 28
00648 - 02 03 10 12 45
00649 - 02 03 10 12 51
00650 - 02 03 10 15 28
00651 - 02 03 10 15 45
00652 - 02 03 10 15 51
00653 - 02 03 10 28 45
00654 - 02 03 10 28 51
00655 - 02 03 10 45 51
00656 - 02 03 12 15 28
00657 - 02 03 12 15 45
00658 - 02 03 12 15 51
00659 - 02 03 12 28 45
00660 - 02 03 12 28 51
00661 - 02 03 12 45 51
00662 - 02 03 15 28 45
00663 - 02 03 15 28 51
00664 - 02 03 15 45 51
00665 - 02 03 28 45 51
00666 - 02 04 07 08 22
00667 - 02 04 07 08 24
00668 - 02 04 07 08 25
00669 - 02 04 07 08 29
00670 - 02 04 07 08 40
00671 - 02 04 07 08 78
00672 - 02 04 07 22 24
00673 - 02 04 07 22 25
00674 - 02 04 07 22 29
00675 - 02 04 07 22 40
00676 - 02 04 07 22 78
00677 - 02 04 07 24 25
00678 - 02 04 07 24 29
00679 - 02 04 07 24 40
00680 - 02 04 07 24 78
00681 - 02 04 07 25 29
00682 - 02 04 07 25 40
00683 - 02 04 07 25 78
00684 - 02 04 07 29 40
00685 - 02 04 07 29 78
00686 - 02 04 07 40 78
00687 - 02 04 08 22 24
00688 - 02 04 08 22 25
00689 - 02 04 08 22 29
00690 - 02 04 08 22 40
00691 - 02 04 08 22 78
00692 - 02 04 08 24 25
00693 - 02 04 08 24 29
00694 - 02 04 08 24 40
00695 - 02 04 08 24 78
00696 - 02 04 08 25 29
00697 - 02 04 08 25 40
00698 - 02 04 08 25 78
00699 - 02 04 08 29 40
00700 - 02 04 08 29 78
00701 - 02 04 08 40 78
00702 - 02 04 22 24 25
00703 - 02 04 22 24 29
00704 - 02 04 22 24 40
00705 - 02 04 22 24 78
00706 - 02 04 22 25 29
00707 - 02 04 22 25 40
00708 - 02 04 22 25 78
00709 - 02 04 22 29 40
00710 - 02 04 22 29 78
00711 - 02 04 22 40 78
00712 - 02 04 24 25 29
00713 - 02 04 24 25 40
00714 - 02 04 24 25 78
00715 - 02 04 24 29 40
00716 - 02 04 24 29 78
00717 - 02 04 24 40 78
00718 - 02 04 25 29 40
00719 - 02 04 25 29 78
00720 - 02 04 25 40 78
00721 - 02 04 29 40 78
00722 - 02 06 10 14 15
00723 - 02 06 10 14 16
00724 - 02 06 10 14 34
00725 - 02 06 10 14 50
00726 - 02 06 10 14 54
00727 - 02 06 10 14 58
00728 - 02 06 10 15 16
00729 - 02 06 10 15 34
00730 - 02 06 10 15 50
00731 - 02 06 10 15 54
00732 - 02 06 10 15 58
00733 - 02 06 10 16 34
00734 - 02 06 10 16 50
00735 - 02 06 10 16 54
00736 - 02 06 10 16 58
00737 - 02 06 10 34 50
00738 - 02 06 10 34 54
00739 - 02 06 10 34 58
00740 - 02 06 10 50 54
00741 - 02 06 10 50 58
00742 - 02 06 10 54 58
00743 - 02 06 14 15 16
00744 - 02 06 14 15 34
00745 - 02 06 14 15 50
00746 - 02 06 14 15 54
00747 - 02 06 14 15 58
00748 - 02 06 14 16 34
00749 - 02 06 14 16 50
00750 - 02 06 14 16 54
00751 - 02 06 14 16 58
00752 - 02 06 14 34 50
00753 - 02 06 14 34 54
00754 - 02 06 14 34 58
00755 - 02 06 14 50 54
00756 - 02 06 14 50 58
00757 - 02 06 14 54 58
00758 - 02 06 15 16 34
00759 - 02 06 15 16 50
00760 - 02 06 15 16 54
00761 - 02 06 15 16 58
00762 - 02 06 15 34 50
00763 - 02 06 15 34 54
00764 - 02 06 15 34 58
00765 - 02 06 15 50 54
00766 - 02 06 15 50 58
00767 - 02 06 15 54 58
00768 - 02 06 16 34 50
00769 - 02 06 16 34 54
00770 - 02 06 16 34 58
00771 - 02 06 16 50 54
00772 - 02 06 16 50 58
00773 - 02 06 16 54 58
00774 - 02 06 34 50 54
00775 - 02 06 34 50 58
00776 - 02 06 34 54 58
00777 - 02 06 50 54 58
00778 - 02 07 08 22 24
00779 - 02 07 08 22 25
00780 - 02 07 08 22 29
00781 - 02 07 08 22 40
00782 - 02 07 08 22 78
00783 - 02 07 08 24 25
00784 - 02 07 08 24 29
00785 - 02 07 08 24 40
00786 - 02 07 08 24 78
00787 - 02 07 08 25 29
00788 - 02 07 08 25 40
00789 - 02 07 08 25 78
00790 - 02 07 08 29 40
00791 - 02 07 08 29 78
00792 - 02 07 08 40 78
00793 - 02 07 22 24 25
00794 - 02 07 22 24 29
00795 - 02 07 22 24 40
00796 - 02 07 22 24 78
00797 - 02 07 22 25 29
00798 - 02 07 22 25 40
00799 - 02 07 22 25 78
00800 - 02 07 22 29 40
00801 - 02 07 22 29 78
00802 - 02 07 22 40 78
00803 - 02 07 24 25 29
00804 - 02 07 24 25 40
00805 - 02 07 24 25 78
00806 - 02 07 24 29 40
00807 - 02 07 24 29 78
00808 - 02 07 24 40 78
00809 - 02 07 25 29 40
00810 - 02 07 25 29 78
00811 - 02 07 25 40 78
00812 - 02 07 29 40 78
00813 - 02 08 10 12 15
00814 - 02 08 10 12 28
00815 - 02 08 10 12 45
00816 - 02 08 10 12 51
00817 - 02 08 10 15 28
00818 - 02 08 10 15 45
00819 - 02 08 10 15 51
00820 - 02 08 10 28 45
00821 - 02 08 10 28 51
00822 - 02 08 10 45 51
00823 - 02 08 12 15 28
00824 - 02 08 12 15 45
00825 - 02 08 12 15 51
00826 - 02 08 12 28 45
00827 - 02 08 12 28 51
00828 - 02 08 12 45 51
00829 - 02 08 15 28 45
00830 - 02 08 15 28 51
00831 - 02 08 15 45 51
00832 - 02 08 22 24 25
00833 - 02 08 22 24 29
00834 - 02 08 22 24 40
00835 - 02 08 22 24 78
00836 - 02 08 22 25 29
00837 - 02 08 22 25 40
00838 - 02 08 22 25 78
00839 - 02 08 22 29 40
00840 - 02 08 22 29 78
00841 - 02 08 22 40 78
00842 - 02 08 24 25 29
00843 - 02 08 24 25 40
00844 - 02 08 24 25 78
00845 - 02 08 24 29 40
00846 - 02 08 24 29 78
00847 - 02 08 24 40 78
00848 - 02 08 25 29 40
00849 - 02 08 25 29 78
00850 - 02 08 25 40 78
00851 - 02 08 28 45 51
00852 - 02 08 29 40 78
00853 - 02 10 12 15 28
00854 - 02 10 12 15 45
00855 - 02 10 12 15 51
00856 - 02 10 12 28 45
00857 - 02 10 12 28 51
00858 - 02 10 12 45 51
00859 - 02 10 14 15 16
00860 - 02 10 14 15 34
00861 - 02 10 14 15 50
00862 - 02 10 14 15 54
00863 - 02 10 14 15 58
00864 - 02 10 14 16 34
00865 - 02 10 14 16 50
00866 - 02 10 14 16 54
00867 - 02 10 14 16 58
00868 - 02 10 14 34 50
00869 - 02 10 14 34 54
00870 - 02 10 14 34 58
00871 - 02 10 14 50 54
00872 - 02 10 14 50 58
00873 - 02 10 14 54 58
00874 - 02 10 15 16 34
00875 - 02 10 15 16 50
00876 - 02 10 15 16 54
00877 - 02 10 15 16 58
00878 - 02 10 15 28 45
00879 - 02 10 15 28 51
00880 - 02 10 15 34 50
00881 - 02 10 15 34 54
00882 - 02 10 15 34 58
00883 - 02 10 15 45 51
00884 - 02 10 15 50 54
00885 - 02 10 15 50 58
00886 - 02 10 15 54 58
00887 - 02 10 16 34 50
00888 - 02 10 16 34 54
00889 - 02 10 16 34 58
00890 - 02 10 16 50 54
00891 - 02 10 16 50 58
00892 - 02 10 16 54 58
00893 - 02 10 28 45 51
00894 - 02 10 34 50 54
00895 - 02 10 34 50 58
00896 - 02 10 34 54 58
00897 - 02 10 50 54 58
00898 - 02 12 15 28 45
00899 - 02 12 15 28 51
00900 - 02 12 15 45 51
00901 - 02 12 28 45 51
00902 - 02 14 15 16 34
00903 - 02 14 15 16 50
00904 - 02 14 15 16 54
00905 - 02 14 15 16 58
00906 - 02 14 15 34 50
00907 - 02 14 15 34 54
00908 - 02 14 15 34 58
00909 - 02 14 15 50 54
00910 - 02 14 15 50 58
00911 - 02 14 15 54 58
00912 - 02 14 16 34 50
00913 - 02 14 16 34 54
00914 - 02 14 16 34 58
00915 - 02 14 16 50 54
00916 - 02 14 16 50 58
00917 - 02 14 16 54 58
00918 - 02 14 34 50 54
00919 - 02 14 34 50 58
00920 - 02 14 34 54 58
00921 - 02 14 50 54 58
00922 - 02 15 16 34 50
00923 - 02 15 16 34 54
00924 - 02 15 16 34 58
00925 - 02 15 16 50 54
00926 - 02 15 16 50 58
00927 - 02 15 16 54 58
00928 - 02 15 28 45 51
00929 - 02 15 34 50 54
00930 - 02 15 34 50 58
00931 - 02 15 34 54 58
00932 - 02 15 50 54 58
00933 - 02 16 34 50 54
00934 - 02 16 34 50 58
00935 - 02 16 34 54 58
00936 - 02 16 50 54 58
00937 - 02 22 24 25 29
00938 - 02 22 24 25 40
00939 - 02 22 24 25 78
00940 - 02 22 24 29 40
00941 - 02 22 24 29 78
00942 - 02 22 24 40 78
00943 - 02 22 25 29 40
00944 - 02 22 25 29 78
00945 - 02 22 25 40 78
00946 - 02 22 29 40 78
00947 - 02 24 25 29 40
00948 - 02 24 25 29 78
00949 - 02 24 25 40 78
00950 - 02 24 29 40 78
00951 - 02 25 29 40 78
00952 - 02 34 50 54 58
00953 - 03 08 10 12 15
00954 - 03 08 10 12 28
00955 - 03 08 10 12 45
00956 - 03 08 10 12 51
00957 - 03 08 10 15 28
00958 - 03 08 10 15 45
00959 - 03 08 10 15 51
00960 - 03 08 10 28 45
00961 - 03 08 10 28 51
00962 - 03 08 10 45 51
00963 - 03 08 12 15 28
00964 - 03 08 12 15 45
00965 - 03 08 12 15 51
00966 - 03 08 12 28 45
00967 - 03 08 12 28 51
00968 - 03 08 12 45 51
00969 - 03 08 15 28 45
00970 - 03 08 15 28 51
00971 - 03 08 15 45 51
00972 - 03 08 28 45 51
00973 - 03 09 15 20 25
00974 - 03 09 15 20 32
00975 - 03 09 15 20 33
00976 - 03 09 15 20 43
00977 - 03 09 15 20 46
00978 - 03 09 15 20 70
00979 - 03 09 15 25 32
00980 - 03 09 15 25 33
00981 - 03 09 15 25 43
00982 - 03 09 15 25 46
00983 - 03 09 15 25 70
00984 - 03 09 15 32 33
00985 - 03 09 15 32 43
00986 - 03 09 15 32 46
00987 - 03 09 15 32 70
00988 - 03 09 15 33 43
00989 - 03 09 15 33 46
00990 - 03 09 15 33 70
00991 - 03 09 15 43 46
00992 - 03 09 15 43 70
00993 - 03 09 15 46 70
00994 - 03 09 20 25 32
00995 - 03 09 20 25 33
00996 - 03 09 20 25 43
00997 - 03 09 20 25 46
00998 - 03 09 20 25 70
00999 - 03 09 20 32 33
01000 - 03 09 20 32 43
01001 - 03 09 20 32 46
01002 - 03 09 20 32 70
01003 - 03 09 20 33 43
01004 - 03 09 20 33 46
01005 - 03 09 20 33 70
01006 - 03 09 20 43 46
01007 - 03 09 20 43 70
01008 - 03 09 20 46 70
01009 - 03 09 25 32 33
01010 - 03 09 25 32 43
01011 - 03 09 25 32 46
01012 - 03 09 25 32 70
01013 - 03 09 25 33 43
01014 - 03 09 25 33 46
01015 - 03 09 25 33 70
01016 - 03 09 25 43 46
01017 - 03 09 25 43 70
01018 - 03 09 25 46 70
01019 - 03 09 32 33 43
01020 - 03 09 32 33 46
01021 - 03 09 32 33 70
01022 - 03 09 32 43 46
01023 - 03 09 32 43 70
01024 - 03 09 32 46 70
01025 - 03 09 33 43 46
01026 - 03 09 33 43 70
01027 - 03 09 33 46 70
01028 - 03 09 43 46 70
01029 - 03 10 12 15 28
01030 - 03 10 12 15 45
01031 - 03 10 12 15 51
01032 - 03 10 12 28 45
01033 - 03 10 12 28 51
01034 - 03 10 12 45 51
01035 - 03 10 15 28 45
01036 - 03 10 15 28 51
01037 - 03 10 15 45 51
01038 - 03 10 28 45 51
01039 - 03 12 15 28 45
01040 - 03 12 15 28 51
01041 - 03 12 15 45 51
01042 - 03 12 28 45 51
01043 - 03 15 20 25 32
01044 - 03 15 20 25 33
01045 - 03 15 20 25 43
01046 - 03 15 20 25 46
01047 - 03 15 20 25 70
01048 - 03 15 20 32 33
01049 - 03 15 20 32 43
01050 - 03 15 20 32 46
01051 - 03 15 20 32 70
01052 - 03 15 20 33 43
01053 - 03 15 20 33 46
01054 - 03 15 20 33 70
01055 - 03 15 20 43 46
01056 - 03 15 20 43 70
01057 - 03 15 20 46 70
01058 - 03 15 25 32 33
01059 - 03 15 25 32 43
01060 - 03 15 25 32 46
01061 - 03 15 25 32 70
01062 - 03 15 25 33 43
01063 - 03 15 25 33 46
01064 - 03 15 25 33 70
01065 - 03 15 25 43 46
01066 - 03 15 25 43 70
01067 - 03 15 25 46 70
01068 - 03 15 28 45 51
01069 - 03 15 32 33 43
01070 - 03 15 32 33 46
01071 - 03 15 32 33 70
01072 - 03 15 32 43 46
01073 - 03 15 32 43 70
01074 - 03 15 32 46 70
01075 - 03 15 33 43 46
01076 - 03 15 33 43 70
01077 - 03 15 33 46 70
01078 - 03 15 43 46 70
01079 - 03 20 25 32 33
01080 - 03 20 25 32 43
01081 - 03 20 25 32 46
01082 - 03 20 25 32 70
01083 - 03 20 25 33 43
01084 - 03 20 25 33 46
01085 - 03 20 25 33 70
01086 - 03 20 25 43 46
01087 - 03 20 25 43 70
01088 - 03 20 25 46 70
01089 - 03 20 32 33 43
01090 - 03 20 32 33 46
01091 - 03 20 32 33 70
01092 - 03 20 32 43 46
01093 - 03 20 32 43 70
01094 - 03 20 32 46 70
01095 - 03 20 33 43 46
01096 - 03 20 33 43 70
01097 - 03 20 33 46 70
01098 - 03 20 43 46 70
01099 - 03 25 32 33 43
01100 - 03 25 32 33 46
01101 - 03 25 32 33 70
01102 - 03 25 32 43 46
01103 - 03 25 32 43 70
01104 - 03 25 32 46 70
01105 - 03 25 33 43 46
01106 - 03 25 33 43 70
01107 - 03 25 33 46 70
01108 - 03 25 43 46 70
01109 - 03 32 33 43 46
01110 - 03 32 33 43 70
01111 - 03 32 33 46 70
01112 - 03 32 43 46 70
01113 - 03 33 43 46 70
01114 - 04 07 08 22 24
01115 - 04 07 08 22 25
01116 - 04 07 08 22 29
01117 - 04 07 08 22 40
01118 - 04 07 08 22 78
01119 - 04 07 08 24 25
01120 - 04 07 08 24 29
01121 - 04 07 08 24 40
01122 - 04 07 08 24 78
01123 - 04 07 08 25 29
01124 - 04 07 08 25 40
01125 - 04 07 08 25 78
01126 - 04 07 08 29 40
01127 - 04 07 08 29 78
01128 - 04 07 08 40 78
01129 - 04 07 22 24 25
01130 - 04 07 22 24 29
01131 - 04 07 22 24 40
01132 - 04 07 22 24 78
01133 - 04 07 22 25 29
01134 - 04 07 22 25 40
01135 - 04 07 22 25 78
01136 - 04 07 22 29 40
01137 - 04 07 22 29 78
01138 - 04 07 22 40 78
01139 - 04 07 24 25 29
01140 - 04 07 24 25 40
01141 - 04 07 24 25 78
01142 - 04 07 24 29 40
01143 - 04 07 24 29 78
01144 - 04 07 24 40 78
01145 - 04 07 25 29 40
01146 - 04 07 25 29 78
01147 - 04 07 25 40 78
01148 - 04 07 29 40 78
01149 - 04 08 18 38 46
01150 - 04 08 18 38 47
01151 - 04 08 18 38 54
01152 - 04 08 18 38 64
01153 - 04 08 18 38 70
01154 - 04 08 18 38 78
01155 - 04 08 18 46 47
01156 - 04 08 18 46 54
01157 - 04 08 18 46 64
01158 - 04 08 18 46 70
01159 - 04 08 18 46 78
01160 - 04 08 18 47 54
01161 - 04 08 18 47 64
01162 - 04 08 18 47 70
01163 - 04 08 18 47 78
01164 - 04 08 18 54 64
01165 - 04 08 18 54 70
01166 - 04 08 18 54 78
01167 - 04 08 18 64 70
01168 - 04 08 18 64 78
01169 - 04 08 18 70 78
01170 - 04 08 22 24 25
01171 - 04 08 22 24 29
01172 - 04 08 22 24 40
01173 - 04 08 22 24 78
01174 - 04 08 22 25 29
01175 - 04 08 22 25 40
01176 - 04 08 22 25 78
01177 - 04 08 22 29 40
01178 - 04 08 22 29 78
01179 - 04 08 22 40 78
01180 - 04 08 24 25 29
01181 - 04 08 24 25 40
01182 - 04 08 24 25 78
01183 - 04 08 24 29 40
01184 - 04 08 24 29 78
01185 - 04 08 24 40 78
01186 - 04 08 25 29 40
01187 - 04 08 25 29 78
01188 - 04 08 25 40 78
01189 - 04 08 29 40 78
01190 - 04 08 38 46 47
01191 - 04 08 38 46 54
01192 - 04 08 38 46 64
01193 - 04 08 38 46 70
01194 - 04 08 38 46 78
01195 - 04 08 38 47 54
01196 - 04 08 38 47 64
01197 - 04 08 38 47 70
01198 - 04 08 38 47 78
01199 - 04 08 38 54 64
01200 - 04 08 38 54 70
01201 - 04 08 38 54 78
01202 - 04 08 38 64 70
01203 - 04 08 38 64 78
01204 - 04 08 38 70 78
01205 - 04 08 46 47 54
01206 - 04 08 46 47 64
01207 - 04 08 46 47 70
01208 - 04 08 46 47 78
01209 - 04 08 46 54 64
01210 - 04 08 46 54 70
01211 - 04 08 46 54 78
01212 - 04 08 46 64 70
01213 - 04 08 46 64 78
01214 - 04 08 46 70 78
01215 - 04 08 47 54 64
01216 - 04 08 47 54 70
01217 - 04 08 47 54 78
01218 - 04 08 47 64 70
01219 - 04 08 47 64 78
01220 - 04 08 47 70 78
01221 - 04 08 54 64 70
01222 - 04 08 54 64 78
01223 - 04 08 54 70 78
01224 - 04 08 64 70 78
01225 - 04 09 20 25 33
01226 - 04 09 20 25 35
01227 - 04 09 20 25 46
01228 - 04 09 20 25 52
01229 - 04 09 20 25 59
01230 - 04 09 20 25 79
01231 - 04 09 20 33 35
01232 - 04 09 20 33 46
01233 - 04 09 20 33 52
01234 - 04 09 20 33 59
01235 - 04 09 20 33 79
01236 - 04 09 20 35 46
01237 - 04 09 20 35 52
01238 - 04 09 20 35 59
01239 - 04 09 20 35 79
01240 - 04 09 20 46 52
01241 - 04 09 20 46 59
01242 - 04 09 20 46 79
01243 - 04 09 20 52 59
01244 - 04 09 20 52 79
01245 - 04 09 20 59 79
01246 - 04 09 25 33 35
01247 - 04 09 25 33 46
01248 - 04 09 25 33 52
01249 - 04 09 25 33 59
01250 - 04 09 25 33 79
01251 - 04 09 25 35 46
01252 - 04 09 25 35 52
01253 - 04 09 25 35 59
01254 - 04 09 25 35 79
01255 - 04 09 25 46 52
01256 - 04 09 25 46 59
01257 - 04 09 25 46 79
01258 - 04 09 25 52 59
01259 - 04 09 25 52 79
01260 - 04 09 25 59 79
01261 - 04 09 33 35 46
01262 - 04 09 33 35 52
01263 - 04 09 33 35 59
01264 - 04 09 33 35 79
01265 - 04 09 33 46 52
01266 - 04 09 33 46 59
01267 - 04 09 33 46 79
01268 - 04 09 33 52 59
01269 - 04 09 33 52 79
01270 - 04 09 33 59 79
01271 - 04 09 35 46 52
01272 - 04 09 35 46 59
01273 - 04 09 35 46 79
01274 - 04 09 35 52 59
01275 - 04 09 35 52 79
01276 - 04 09 35 59 79
01277 - 04 09 46 52 59
01278 - 04 09 46 52 79
01279 - 04 09 46 59 79
01280 - 04 09 52 59 79
01281 - 04 18 38 46 47
01282 - 04 18 38 46 54
01283 - 04 18 38 46 64
01284 - 04 18 38 46 70
01285 - 04 18 38 46 78
01286 - 04 18 38 47 54
01287 - 04 18 38 47 64
01288 - 04 18 38 47 70
01289 - 04 18 38 47 78
01290 - 04 18 38 54 64
01291 - 04 18 38 54 70
01292 - 04 18 38 54 78
01293 - 04 18 38 64 70
01294 - 04 18 38 64 78
01295 - 04 18 38 70 78
01296 - 04 18 46 47 54
01297 - 04 18 46 47 64
01298 - 04 18 46 47 70
01299 - 04 18 46 47 78
01300 - 04 18 46 54 64
01301 - 04 18 46 54 70
01302 - 04 18 46 54 78
01303 - 04 18 46 64 70
01304 - 04 18 46 64 78
01305 - 04 18 46 70 78
01306 - 04 18 47 54 64
01307 - 04 18 47 54 70
01308 - 04 18 47 54 78
01309 - 04 18 47 64 70
01310 - 04 18 47 64 78
01311 - 04 18 47 70 78
01312 - 04 18 54 64 70
01313 - 04 18 54 64 78
01314 - 04 18 54 70 78
01315 - 04 18 64 70 78
01316 - 04 19 27 33 49
01317 - 04 19 27 33 51
01318 - 04 19 27 33 54
01319 - 04 19 27 33 55
01320 - 04 19 27 33 58
01321 - 04 19 27 33 78
01322 - 04 19 27 49 51
01323 - 04 19 27 49 54
01324 - 04 19 27 49 55
01325 - 04 19 27 49 58
01326 - 04 19 27 49 78
01327 - 04 19 27 51 54
01328 - 04 19 27 51 55
01329 - 04 19 27 51 58
01330 - 04 19 27 51 78
01331 - 04 19 27 54 55
01332 - 04 19 27 54 58
01333 - 04 19 27 54 78
01334 - 04 19 27 55 58
01335 - 04 19 27 55 78
01336 - 04 19 27 58 78
01337 - 04 19 33 49 51
01338 - 04 19 33 49 54
01339 - 04 19 33 49 55
01340 - 04 19 33 49 58
01341 - 04 19 33 49 78
01342 - 04 19 33 51 54
01343 - 04 19 33 51 55
01344 - 04 19 33 51 58
01345 - 04 19 33 51 78
01346 - 04 19 33 54 55
01347 - 04 19 33 54 58
01348 - 04 19 33 54 78
01349 - 04 19 33 55 58
01350 - 04 19 33 55 78
01351 - 04 19 33 58 78
01352 - 04 19 49 51 54
01353 - 04 19 49 51 55
01354 - 04 19 49 51 58
01355 - 04 19 49 51 78
01356 - 04 19 49 54 55
01357 - 04 19 49 54 58
01358 - 04 19 49 54 78
01359 - 04 19 49 55 58
01360 - 04 19 49 55 78
01361 - 04 19 49 58 78
01362 - 04 19 51 54 55
01363 - 04 19 51 54 58
01364 - 04 19 51 54 78
01365 - 04 19 51 55 58
01366 - 04 19 51 55 78
01367 - 04 19 51 58 78
01368 - 04 19 54 55 58
01369 - 04 19 54 55 78
01370 - 04 19 54 58 78
01371 - 04 19 55 58 78
01372 - 04 20 25 33 35
01373 - 04 20 25 33 46
01374 - 04 20 25 33 52
01375 - 04 20 25 33 59
01376 - 04 20 25 33 79
01377 - 04 20 25 35 46
01378 - 04 20 25 35 52
01379 - 04 20 25 35 59
01380 - 04 20 25 35 79
01381 - 04 20 25 46 52
01382 - 04 20 25 46 59
01383 - 04 20 25 46 79
01384 - 04 20 25 52 59
01385 - 04 20 25 52 79
01386 - 04 20 25 59 79
01387 - 04 20 33 35 46
01388 - 04 20 33 35 52
01389 - 04 20 33 35 59
01390 - 04 20 33 35 79
01391 - 04 20 33 46 52
01392 - 04 20 33 46 59
01393 - 04 20 33 46 79
01394 - 04 20 33 52 59
01395 - 04 20 33 52 79
01396 - 04 20 33 59 79
01397 - 04 20 35 46 52
01398 - 04 20 35 46 59
01399 - 04 20 35 46 79
01400 - 04 20 35 52 59
01401 - 04 20 35 52 79
01402 - 04 20 35 59 79
01403 - 04 20 46 52 59
01404 - 04 20 46 52 79
01405 - 04 20 46 59 79
01406 - 04 20 52 59 79
01407 - 04 22 24 25 29
01408 - 04 22 24 25 40
01409 - 04 22 24 25 78
01410 - 04 22 24 29 40
01411 - 04 22 24 29 78
01412 - 04 22 24 40 78
01413 - 04 22 25 29 40
01414 - 04 22 25 29 78
01415 - 04 22 25 40 78
01416 - 04 22 29 40 78
01417 - 04 24 25 29 40
01418 - 04 24 25 29 78
01419 - 04 24 25 40 78
01420 - 04 24 29 40 78
01421 - 04 25 29 40 78
01422 - 04 25 33 35 46
01423 - 04 25 33 35 52
01424 - 04 25 33 35 59
01425 - 04 25 33 35 79
01426 - 04 25 33 46 52
01427 - 04 25 33 46 59
01428 - 04 25 33 46 79
01429 - 04 25 33 52 59
01430 - 04 25 33 52 79
01431 - 04 25 33 59 79
01432 - 04 25 35 46 52
01433 - 04 25 35 46 59
01434 - 04 25 35 46 79
01435 - 04 25 35 52 59
01436 - 04 25 35 52 79
01437 - 04 25 35 59 79
01438 - 04 25 46 52 59
01439 - 04 25 46 52 79
01440 - 04 25 46 59 79
01441 - 04 25 52 59 79
01442 - 04 27 33 49 51
01443 - 04 27 33 49 54
01444 - 04 27 33 49 55
01445 - 04 27 33 49 58
01446 - 04 27 33 49 78
01447 - 04 27 33 51 54
01448 - 04 27 33 51 55
01449 - 04 27 33 51 58
01450 - 04 27 33 51 78
01451 - 04 27 33 54 55
01452 - 04 27 33 54 58
01453 - 04 27 33 54 78
01454 - 04 27 33 55 58
01455 - 04 27 33 55 78
01456 - 04 27 33 58 78
01457 - 04 27 49 51 54
01458 - 04 27 49 51 55
01459 - 04 27 49 51 58
01460 - 04 27 49 51 78
01461 - 04 27 49 54 55
01462 - 04 27 49 54 58
01463 - 04 27 49 54 78
01464 - 04 27 49 55 58
01465 - 04 27 49 55 78
01466 - 04 27 49 58 78
01467 - 04 27 51 54 55
01468 - 04 27 51 54 58
01469 - 04 27 51 54 78
01470 - 04 27 51 55 58
01471 - 04 27 51 55 78
01472 - 04 27 51 58 78
01473 - 04 27 54 55 58
01474 - 04 27 54 55 78
01475 - 04 27 54 58 78
01476 - 04 27 55 58 78
01477 - 04 33 35 46 52
01478 - 04 33 35 46 59
01479 - 04 33 35 46 79
01480 - 04 33 35 52 59
01481 - 04 33 35 52 79
01482 - 04 33 35 59 79
01483 - 04 33 46 52 59
01484 - 04 33 46 52 79
01485 - 04 33 46 59 79
01486 - 04 33 49 51 54
01487 - 04 33 49 51 55
01488 - 04 33 49 51 58
01489 - 04 33 49 51 78
01490 - 04 33 49 54 55
01491 - 04 33 49 54 58
01492 - 04 33 49 54 78
01493 - 04 33 49 55 58
01494 - 04 33 49 55 78
01495 - 04 33 49 58 78
01496 - 04 33 51 54 55
01497 - 04 33 51 54 58
01498 - 04 33 51 54 78
01499 - 04 33 51 55 58
01500 - 04 33 51 55 78
01501 - 04 33 51 58 78
01502 - 04 33 52 59 79
01503 - 04 33 54 55 58
01504 - 04 33 54 55 78
01505 - 04 33 54 58 78
01506 - 04 33 55 58 78
01507 - 04 35 46 52 59
01508 - 04 35 46 52 79
01509 - 04 35 46 59 79
01510 - 04 35 52 59 79
01511 - 04 38 46 47 54
01512 - 04 38 46 47 64
01513 - 04 38 46 47 70
01514 - 04 38 46 47 78
01515 - 04 38 46 54 64
01516 - 04 38 46 54 70
01517 - 04 38 46 54 78
01518 - 04 38 46 64 70
01519 - 04 38 46 64 78
01520 - 04 38 46 70 78
01521 - 04 38 47 54 64
01522 - 04 38 47 54 70
01523 - 04 38 47 54 78
01524 - 04 38 47 64 70
01525 - 04 38 47 64 78
01526 - 04 38 47 70 78
01527 - 04 38 54 64 70
01528 - 04 38 54 64 78
01529 - 04 38 54 70 78
01530 - 04 38 64 70 78
01531 - 04 46 47 54 64
01532 - 04 46 47 54 70
01533 - 04 46 47 54 78
01534 - 04 46 47 64 70
01535 - 04 46 47 64 78
01536 - 04 46 47 70 78
01537 - 04 46 52 59 79
01538 - 04 46 54 64 70
01539 - 04 46 54 64 78
01540 - 04 46 54 70 78
01541 - 04 46 64 70 78
01542 - 04 47 54 64 70
01543 - 04 47 54 64 78
01544 - 04 47 54 70 78
01545 - 04 47 64 70 78
01546 - 04 49 51 54 55
01547 - 04 49 51 54 58
01548 - 04 49 51 54 78
01549 - 04 49 51 55 58
01550 - 04 49 51 55 78
01551 - 04 49 51 58 78
01552 - 04 49 54 55 58
01553 - 04 49 54 55 78
01554 - 04 49 54 58 78
01555 - 04 49 55 58 78
01556 - 04 51 54 55 58
01557 - 04 51 54 55 78
01558 - 04 51 54 58 78
01559 - 04 51 55 58 78
01560 - 04 54 55 58 78
01561 - 04 54 64 70 78
01562 - 06 10 14 15 16
01563 - 06 10 14 15 34
01564 - 06 10 14 15 50
01565 - 06 10 14 15 54
01566 - 06 10 14 15 58
01567 - 06 10 14 16 34
01568 - 06 10 14 16 50
01569 - 06 10 14 16 54
01570 - 06 10 14 16 58
01571 - 06 10 14 34 50
01572 - 06 10 14 34 54
01573 - 06 10 14 34 58
01574 - 06 10 14 50 54
01575 - 06 10 14 50 58
01576 - 06 10 14 54 58
01577 - 06 10 15 16 34
01578 - 06 10 15 16 50
01579 - 06 10 15 16 54
01580 - 06 10 15 16 58
01581 - 06 10 15 34 50
01582 - 06 10 15 34 54
01583 - 06 10 15 34 58
01584 - 06 10 15 50 54
01585 - 06 10 15 50 58
01586 - 06 10 15 54 58
01587 - 06 10 16 34 50
01588 - 06 10 16 34 54
01589 - 06 10 16 34 58
01590 - 06 10 16 50 54
01591 - 06 10 16 50 58
01592 - 06 10 16 54 58
01593 - 06 10 34 50 54
01594 - 06 10 34 50 58
01595 - 06 10 34 54 58
01596 - 06 10 50 54 58
01597 - 06 14 15 16 34
01598 - 06 14 15 16 50
01599 - 06 14 15 16 54
01600 - 06 14 15 16 58
01601 - 06 14 15 34 50
01602 - 06 14 15 34 54
01603 - 06 14 15 34 58
01604 - 06 14 15 50 54
01605 - 06 14 15 50 58
01606 - 06 14 15 54 58
01607 - 06 14 16 34 50
01608 - 06 14 16 34 54
01609 - 06 14 16 34 58
01610 - 06 14 16 50 54
01611 - 06 14 16 50 58
01612 - 06 14 16 54 58
01613 - 06 14 34 50 54
01614 - 06 14 34 50 58
01615 - 06 14 34 54 58
01616 - 06 14 50 54 58
01617 - 06 15 16 34 50
01618 - 06 15 16 34 54
01619 - 06 15 16 34 58
01620 - 06 15 16 50 54
01621 - 06 15 16 50 58
01622 - 06 15 16 54 58
01623 - 06 15 34 50 54
01624 - 06 15 34 50 58
01625 - 06 15 34 54 58
01626 - 06 15 50 54 58
01627 - 06 16 34 50 54
01628 - 06 16 34 50 58
01629 - 06 16 34 54 58
01630 - 06 16 50 54 58
01631 - 06 34 50 54 58
01632 - 07 08 22 24 25
01633 - 07 08 22 24 29
01634 - 07 08 22 24 40
01635 - 07 08 22 24 78
01636 - 07 08 22 25 29
01637 - 07 08 22 25 40
01638 - 07 08 22 25 78
01639 - 07 08 22 29 40
01640 - 07 08 22 29 78
01641 - 07 08 22 40 78
01642 - 07 08 24 25 29
01643 - 07 08 24 25 40
01644 - 07 08 24 25 78
01645 - 07 08 24 29 40
01646 - 07 08 24 29 78
01647 - 07 08 24 40 78
01648 - 07 08 25 29 40
01649 - 07 08 25 29 78
01650 - 07 08 25 40 78
01651 - 07 08 29 40 78
01652 - 07 10 16 19 20
01653 - 07 10 16 19 39
01654 - 07 10 16 19 46
01655 - 07 10 16 19 53
01656 - 07 10 16 19 69
01657 - 07 10 16 20 39
01658 - 07 10 16 20 46
01659 - 07 10 16 20 53
01660 - 07 10 16 20 69
01661 - 07 10 16 39 46
01662 - 07 10 16 39 53
01663 - 07 10 16 39 69
01664 - 07 10 16 46 53
01665 - 07 10 16 46 69
01666 - 07 10 16 53 69
01667 - 07 10 19 20 39
01668 - 07 10 19 20 46
01669 - 07 10 19 20 53
01670 - 07 10 19 20 69
01671 - 07 10 19 39 46
01672 - 07 10 19 39 53
01673 - 07 10 19 39 69
01674 - 07 10 19 46 53
01675 - 07 10 19 46 69
01676 - 07 10 19 53 69
01677 - 07 10 20 39 46
01678 - 07 10 20 39 53
01679 - 07 10 20 39 69
01680 - 07 10 20 46 53
01681 - 07 10 20 46 69
01682 - 07 10 20 53 69
01683 - 07 10 39 46 53
01684 - 07 10 39 46 69
01685 - 07 10 39 53 69
01686 - 07 10 46 53 69
01687 - 07 16 19 20 39
01688 - 07 16 19 20 46
01689 - 07 16 19 20 53
01690 - 07 16 19 20 69
01691 - 07 16 19 39 46
01692 - 07 16 19 39 53
01693 - 07 16 19 39 69
01694 - 07 16 19 46 53
01695 - 07 16 19 46 69
01696 - 07 16 19 53 69
01697 - 07 16 20 39 46
01698 - 07 16 20 39 53
01699 - 07 16 20 39 69
01700 - 07 16 20 46 53
01701 - 07 16 20 46 69
01702 - 07 16 20 53 69
01703 - 07 16 39 46 53
01704 - 07 16 39 46 69
01705 - 07 16 39 53 69
01706 - 07 16 46 53 69
01707 - 07 19 20 39 46
01708 - 07 19 20 39 53
01709 - 07 19 20 39 69
01710 - 07 19 20 46 53
01711 - 07 19 20 46 69
01712 - 07 19 20 53 69
01713 - 07 19 22 24 45
01714 - 07 19 22 24 56
01715 - 07 19 22 24 61
01716 - 07 19 22 24 62
01717 - 07 19 22 24 76
01718 - 07 19 22 24 78
01719 - 07 19 22 45 56
01720 - 07 19 22 45 61
01721 - 07 19 22 45 62
01722 - 07 19 22 45 76
01723 - 07 19 22 45 78
01724 - 07 19 22 56 61
01725 - 07 19 22 56 62
01726 - 07 19 22 56 76
01727 - 07 19 22 56 78
01728 - 07 19 22 61 62
01729 - 07 19 22 61 76
01730 - 07 19 22 61 78
01731 - 07 19 22 62 76
01732 - 07 19 22 62 78
01733 - 07 19 22 76 78
01734 - 07 19 24 45 56
01735 - 07 19 24 45 61
01736 - 07 19 24 45 62
01737 - 07 19 24 45 76
01738 - 07 19 24 45 78
01739 - 07 19 24 56 61
01740 - 07 19 24 56 62
01741 - 07 19 24 56 76
01742 - 07 19 24 56 78
01743 - 07 19 24 61 62
01744 - 07 19 24 61 76
01745 - 07 19 24 61 78
01746 - 07 19 24 62 76
01747 - 07 19 24 62 78
01748 - 07 19 24 76 78
01749 - 07 19 39 46 53
01750 - 07 19 39 46 69
01751 - 07 19 39 53 69
01752 - 07 19 45 56 61
01753 - 07 19 45 56 62
01754 - 07 19 45 56 76
01755 - 07 19 45 56 78
01756 - 07 19 45 61 62
01757 - 07 19 45 61 76
01758 - 07 19 45 61 78
01759 - 07 19 45 62 76
01760 - 07 19 45 62 78
01761 - 07 19 45 76 78
01762 - 07 19 46 53 69
01763 - 07 19 56 61 62
01764 - 07 19 56 61 76
01765 - 07 19 56 61 78
01766 - 07 19 56 62 76
01767 - 07 19 56 62 78
01768 - 07 19 56 76 78
01769 - 07 19 61 62 76
01770 - 07 19 61 62 78
01771 - 07 19 61 76 78
01772 - 07 19 62 76 78
01773 - 07 20 39 46 53
01774 - 07 20 39 46 69
01775 - 07 20 39 53 69
01776 - 07 20 46 53 69
01777 - 07 22 24 25 29
01778 - 07 22 24 25 40
01779 - 07 22 24 25 78
01780 - 07 22 24 29 40
01781 - 07 22 24 29 78
01782 - 07 22 24 40 78
01783 - 07 22 24 45 56
01784 - 07 22 24 45 61
01785 - 07 22 24 45 62
01786 - 07 22 24 45 76
01787 - 07 22 24 45 78
01788 - 07 22 24 56 61
01789 - 07 22 24 56 62
01790 - 07 22 24 56 76
01791 - 07 22 24 56 78
01792 - 07 22 24 61 62
01793 - 07 22 24 61 76
01794 - 07 22 24 61 78
01795 - 07 22 24 62 76
01796 - 07 22 24 62 78
01797 - 07 22 24 76 78
01798 - 07 22 25 29 40
01799 - 07 22 25 29 78
01800 - 07 22 25 40 78
01801 - 07 22 29 40 78
01802 - 07 22 45 56 61
01803 - 07 22 45 56 62
01804 - 07 22 45 56 76
01805 - 07 22 45 56 78
01806 - 07 22 45 61 62
01807 - 07 22 45 61 76
01808 - 07 22 45 61 78
01809 - 07 22 45 62 76
01810 - 07 22 45 62 78
01811 - 07 22 45 76 78
01812 - 07 22 56 61 62
01813 - 07 22 56 61 76
01814 - 07 22 56 61 78
01815 - 07 22 56 62 76
01816 - 07 22 56 62 78
01817 - 07 22 56 76 78
01818 - 07 22 61 62 76
01819 - 07 22 61 62 78
01820 - 07 22 61 76 78
01821 - 07 22 62 76 78
01822 - 07 24 25 29 40
01823 - 07 24 25 29 78
01824 - 07 24 25 40 78
01825 - 07 24 29 40 78
01826 - 07 24 45 56 61
01827 - 07 24 45 56 62
01828 - 07 24 45 56 76
01829 - 07 24 45 56 78
01830 - 07 24 45 61 62
01831 - 07 24 45 61 76
01832 - 07 24 45 61 78
01833 - 07 24 45 62 76
01834 - 07 24 45 62 78
01835 - 07 24 45 76 78
01836 - 07 24 56 61 62
01837 - 07 24 56 61 76
01838 - 07 24 56 61 78
01839 - 07 24 56 62 76
01840 - 07 24 56 62 78
01841 - 07 24 56 76 78
01842 - 07 24 61 62 76
01843 - 07 24 61 62 78
01844 - 07 24 61 76 78
01845 - 07 24 62 76 78
01846 - 07 25 29 40 78
01847 - 07 39 46 53 69
01848 - 07 45 56 61 62
01849 - 07 45 56 61 76
01850 - 07 45 56 61 78
01851 - 07 45 56 62 76
01852 - 07 45 56 62 78
01853 - 07 45 56 76 78
01854 - 07 45 61 62 76
01855 - 07 45 61 62 78
01856 - 07 45 61 76 78
01857 - 07 45 62 76 78
01858 - 07 56 61 62 76
01859 - 07 56 61 62 78
01860 - 07 56 61 76 78
01861 - 07 56 62 76 78
01862 - 07 61 62 76 78
01863 - 08 10 12 15 28
01864 - 08 10 12 15 45
01865 - 08 10 12 15 51
01866 - 08 10 12 28 45
01867 - 08 10 12 28 51
01868 - 08 10 12 45 51
01869 - 08 10 15 28 45
01870 - 08 10 15 28 51
01871 - 08 10 15 45 51
01872 - 08 10 28 45 51
01873 - 08 12 15 28 45
01874 - 08 12 15 28 51
01875 - 08 12 15 45 51
01876 - 08 12 28 45 51
01877 - 08 15 28 45 51
01878 - 08 18 38 46 47
01879 - 08 18 38 46 54
01880 - 08 18 38 46 64
01881 - 08 18 38 46 70
01882 - 08 18 38 46 78
01883 - 08 18 38 47 54
01884 - 08 18 38 47 64
01885 - 08 18 38 47 70
01886 - 08 18 38 47 78
01887 - 08 18 38 54 64
01888 - 08 18 38 54 70
01889 - 08 18 38 54 78
01890 - 08 18 38 64 70
01891 - 08 18 38 64 78
01892 - 08 18 38 70 78
01893 - 08 18 46 47 54
01894 - 08 18 46 47 64
01895 - 08 18 46 47 70
01896 - 08 18 46 47 78
01897 - 08 18 46 54 64
01898 - 08 18 46 54 70
01899 - 08 18 46 54 78
01900 - 08 18 46 64 70
01901 - 08 18 46 64 78
01902 - 08 18 46 70 78
01903 - 08 18 47 54 64
01904 - 08 18 47 54 70
01905 - 08 18 47 54 78
01906 - 08 18 47 64 70
01907 - 08 18 47 64 78
01908 - 08 18 47 70 78
01909 - 08 18 54 64 70
01910 - 08 18 54 64 78
01911 - 08 18 54 70 78
01912 - 08 18 64 70 78
01913 - 08 22 24 25 29
01914 - 08 22 24 25 40
01915 - 08 22 24 25 78
01916 - 08 22 24 29 40
01917 - 08 22 24 29 78
01918 - 08 22 24 40 78
01919 - 08 22 25 29 40
01920 - 08 22 25 29 78
01921 - 08 22 25 40 78
01922 - 08 22 29 40 78
01923 - 08 24 25 29 40
01924 - 08 24 25 29 78
01925 - 08 24 25 40 78
01926 - 08 24 29 40 78
01927 - 08 25 29 40 78
01928 - 08 38 46 47 54
01929 - 08 38 46 47 64
01930 - 08 38 46 47 70
01931 - 08 38 46 47 78
01932 - 08 38 46 54 64
01933 - 08 38 46 54 70
01934 - 08 38 46 54 78
01935 - 08 38 46 64 70
01936 - 08 38 46 64 78
01937 - 08 38 46 70 78
01938 - 08 38 47 54 64
01939 - 08 38 47 54 70
01940 - 08 38 47 54 78
01941 - 08 38 47 64 70
01942 - 08 38 47 64 78
01943 - 08 38 47 70 78
01944 - 08 38 54 64 70
01945 - 08 38 54 64 78
01946 - 08 38 54 70 78
01947 - 08 38 64 70 78
01948 - 08 46 47 54 64
01949 - 08 46 47 54 70
01950 - 08 46 47 54 78
01951 - 08 46 47 64 70
01952 - 08 46 47 64 78
01953 - 08 46 47 70 78
01954 - 08 46 54 64 70
01955 - 08 46 54 64 78
01956 - 08 46 54 70 78
01957 - 08 46 64 70 78
01958 - 08 47 54 64 70
01959 - 08 47 54 64 78
01960 - 08 47 54 70 78
01961 - 08 47 64 70 78
01962 - 08 54 64 70 78
01963 - 09 15 20 25 32
01964 - 09 15 20 25 33
01965 - 09 15 20 25 43
01966 - 09 15 20 25 46
01967 - 09 15 20 25 70
01968 - 09 15 20 32 33
01969 - 09 15 20 32 43
01970 - 09 15 20 32 46
01971 - 09 15 20 32 70
01972 - 09 15 20 33 43
01973 - 09 15 20 33 46
01974 - 09 15 20 33 70
01975 - 09 15 20 43 46
01976 - 09 15 20 43 70
01977 - 09 15 20 46 70
01978 - 09 15 25 32 33
01979 - 09 15 25 32 43
01980 - 09 15 25 32 46
01981 - 09 15 25 32 70
01982 - 09 15 25 33 43
01983 - 09 15 25 33 46
01984 - 09 15 25 33 70
01985 - 09 15 25 43 46
01986 - 09 15 25 43 70
01987 - 09 15 25 46 70
01988 - 09 15 32 33 43
01989 - 09 15 32 33 46
01990 - 09 15 32 33 70
01991 - 09 15 32 43 46
01992 - 09 15 32 43 70
01993 - 09 15 32 46 70
01994 - 09 15 33 43 46
01995 - 09 15 33 43 70
01996 - 09 15 33 46 70
01997 - 09 15 43 46 70
01998 - 09 20 25 32 33
01999 - 09 20 25 32 43
02000 - 09 20 25 32 46
02001 - 09 20 25 32 70
02002 - 09 20 25 33 35
02003 - 09 20 25 33 43
02004 - 09 20 25 33 46
02005 - 09 20 25 33 46
02006 - 09 20 25 33 52
02007 - 09 20 25 33 59
02008 - 09 20 25 33 70
02009 - 09 20 25 33 79
02010 - 09 20 25 35 46
02011 - 09 20 25 35 52
02012 - 09 20 25 35 59
02013 - 09 20 25 35 79
02014 - 09 20 25 43 46
02015 - 09 20 25 43 70
02016 - 09 20 25 46 52
02017 - 09 20 25 46 59
02018 - 09 20 25 46 70
02019 - 09 20 25 46 79
02020 - 09 20 25 52 59
02021 - 09 20 25 52 79
02022 - 09 20 25 59 79
02023 - 09 20 32 33 43
02024 - 09 20 32 33 46
02025 - 09 20 32 33 70
02026 - 09 20 32 43 46
02027 - 09 20 32 43 70
02028 - 09 20 32 46 70
02029 - 09 20 33 35 46
02030 - 09 20 33 35 52
02031 - 09 20 33 35 59
02032 - 09 20 33 35 79
02033 - 09 20 33 43 46
02034 - 09 20 33 43 70
02035 - 09 20 33 46 52
02036 - 09 20 33 46 59
02037 - 09 20 33 46 70
02038 - 09 20 33 46 79
02039 - 09 20 33 52 59
02040 - 09 20 33 52 79
02041 - 09 20 33 59 79
02042 - 09 20 35 46 52
02043 - 09 20 35 46 59
02044 - 09 20 35 46 79
02045 - 09 20 35 52 59
02046 - 09 20 35 52 79
02047 - 09 20 35 59 79
02048 - 09 20 43 46 70
02049 - 09 20 46 52 59
02050 - 09 20 46 52 79
02051 - 09 20 46 59 79
02052 - 09 20 52 59 79
02053 - 09 25 32 33 43
02054 - 09 25 32 33 46
02055 - 09 25 32 33 70
02056 - 09 25 32 43 46
02057 - 09 25 32 43 70
02058 - 09 25 32 46 70
02059 - 09 25 33 35 46
02060 - 09 25 33 35 52
02061 - 09 25 33 35 59
02062 - 09 25 33 35 79
02063 - 09 25 33 43 46
02064 - 09 25 33 43 70
02065 - 09 25 33 46 52
02066 - 09 25 33 46 59
02067 - 09 25 33 46 70
02068 - 09 25 33 46 79
02069 - 09 25 33 52 59
02070 - 09 25 33 52 79
02071 - 09 25 33 59 79
02072 - 09 25 35 46 52
02073 - 09 25 35 46 59
02074 - 09 25 35 46 79
02075 - 09 25 35 52 59
02076 - 09 25 35 52 79
02077 - 09 25 35 59 79
02078 - 09 25 43 46 70
02079 - 09 25 46 52 59
02080 - 09 25 46 52 79
02081 - 09 25 46 59 79
02082 - 09 25 52 59 79
02083 - 09 32 33 43 46
02084 - 09 32 33 43 70
02085 - 09 32 33 46 70
02086 - 09 32 43 46 70
02087 - 09 33 35 46 52
02088 - 09 33 35 46 59
02089 - 09 33 35 46 79
02090 - 09 33 35 52 59
02091 - 09 33 35 52 79
02092 - 09 33 35 59 79
02093 - 09 33 43 46 70
02094 - 09 33 46 52 59
02095 - 09 33 46 52 79
02096 - 09 33 46 59 79
02097 - 09 33 52 59 79
02098 - 09 35 46 52 59
02099 - 09 35 46 52 79
02100 - 09 35 46 59 79
02101 - 09 35 52 59 79
02102 - 09 46 52 59 79
02103 - 10 12 15 28 45
02104 - 10 12 15 28 51
02105 - 10 12 15 45 51
02106 - 10 12 28 45 51
02107 - 10 14 15 16 34
02108 - 10 14 15 16 50
02109 - 10 14 15 16 54
02110 - 10 14 15 16 58
02111 - 10 14 15 34 50
02112 - 10 14 15 34 54
02113 - 10 14 15 34 58
02114 - 10 14 15 50 54
02115 - 10 14 15 50 58
02116 - 10 14 15 54 58
02117 - 10 14 16 34 50
02118 - 10 14 16 34 54
02119 - 10 14 16 34 58
02120 - 10 14 16 50 54
02121 - 10 14 16 50 58
02122 - 10 14 16 54 58
02123 - 10 14 34 50 54
02124 - 10 14 34 50 58
02125 - 10 14 34 54 58
02126 - 10 14 50 54 58
02127 - 10 15 16 34 50
02128 - 10 15 16 34 54
02129 - 10 15 16 34 58
02130 - 10 15 16 50 54
02131 - 10 15 16 50 58
02132 - 10 15 16 54 58
02133 - 10 15 28 45 51
02134 - 10 15 34 50 54
02135 - 10 15 34 50 58
02136 - 10 15 34 54 58
02137 - 10 15 50 54 58
02138 - 10 16 19 20 39
02139 - 10 16 19 20 46
02140 - 10 16 19 20 53
02141 - 10 16 19 20 69
02142 - 10 16 19 39 46
02143 - 10 16 19 39 53
02144 - 10 16 19 39 69
02145 - 10 16 19 46 53
02146 - 10 16 19 46 69
02147 - 10 16 19 53 69
02148 - 10 16 20 39 46
02149 - 10 16 20 39 53
02150 - 10 16 20 39 69
02151 - 10 16 20 46 53
02152 - 10 16 20 46 69
02153 - 10 16 20 53 69
02154 - 10 16 34 50 54
02155 - 10 16 34 50 58
02156 - 10 16 34 54 58
02157 - 10 16 39 46 53
02158 - 10 16 39 46 69
02159 - 10 16 39 53 69
02160 - 10 16 46 53 69
02161 - 10 16 50 54 58
02162 - 10 19 20 39 46
02163 - 10 19 20 39 53
02164 - 10 19 20 39 69
02165 - 10 19 20 46 53
02166 - 10 19 20 46 69
02167 - 10 19 20 53 69
02168 - 10 19 39 46 53
02169 - 10 19 39 46 69
02170 - 10 19 39 53 69
02171 - 10 19 46 53 69
02172 - 10 20 39 46 53
02173 - 10 20 39 46 69
02174 - 10 20 39 53 69
02175 - 10 20 46 53 69
02176 - 10 26 27 33 52
02177 - 10 26 27 33 54
02178 - 10 26 27 33 61
02179 - 10 26 27 33 68
02180 - 10 26 27 33 69
02181 - 10 26 27 52 54
02182 - 10 26 27 52 61
02183 - 10 26 27 52 68
02184 - 10 26 27 52 69
02185 - 10 26 27 54 61
02186 - 10 26 27 54 68
02187 - 10 26 27 54 69
02188 - 10 26 27 61 68
02189 - 10 26 27 61 69
02190 - 10 26 27 68 69
02191 - 10 26 33 52 54
02192 - 10 26 33 52 61
02193 - 10 26 33 52 68
02194 - 10 26 33 52 69
02195 - 10 26 33 54 61
02196 - 10 26 33 54 68
02197 - 10 26 33 54 69
02198 - 10 26 33 61 68
02199 - 10 26 33 61 69
02200 - 10 26 33 68 69
02201 - 10 26 52 54 61
02202 - 10 26 52 54 68
02203 - 10 26 52 54 69
02204 - 10 26 52 61 68
02205 - 10 26 52 61 69
02206 - 10 26 52 68 69
02207 - 10 26 54 61 68
02208 - 10 26 54 61 69
02209 - 10 26 54 68 69
02210 - 10 26 61 68 69
02211 - 10 27 33 52 54
02212 - 10 27 33 52 61
02213 - 10 27 33 52 68
02214 - 10 27 33 52 69
02215 - 10 27 33 54 61
02216 - 10 27 33 54 68
02217 - 10 27 33 54 69
02218 - 10 27 33 61 68
02219 - 10 27 33 61 69
02220 - 10 27 33 68 69
02221 - 10 27 52 54 61
02222 - 10 27 52 54 68
02223 - 10 27 52 54 69
02224 - 10 27 52 61 68
02225 - 10 27 52 61 69
02226 - 10 27 52 68 69
02227 - 10 27 54 61 68
02228 - 10 27 54 61 69
02229 - 10 27 54 68 69
02230 - 10 27 61 68 69
02231 - 10 33 52 54 61
02232 - 10 33 52 54 68
02233 - 10 33 52 54 69
02234 - 10 33 52 61 68
02235 - 10 33 52 61 69
02236 - 10 33 52 68 69
02237 - 10 33 54 61 68
02238 - 10 33 54 61 69
02239 - 10 33 54 68 69
02240 - 10 33 61 68 69
02241 - 10 34 50 54 58
02242 - 10 39 46 53 69
02243 - 10 52 54 61 68
02244 - 10 52 54 61 69
02245 - 10 52 54 68 69
02246 - 10 52 61 68 69
02247 - 10 54 61 68 69
02248 - 11 14 18 35 37
02249 - 11 14 18 35 47
02250 - 11 14 18 35 55
02251 - 11 14 18 35 67
02252 - 11 14 18 35 71
02253 - 11 14 18 35 79
02254 - 11 14 18 37 47
02255 - 11 14 18 37 55
02256 - 11 14 18 37 67
02257 - 11 14 18 37 71
02258 - 11 14 18 37 79
02259 - 11 14 18 47 55
02260 - 11 14 18 47 67
02261 - 11 14 18 47 71
02262 - 11 14 18 47 79
02263 - 11 14 18 55 67
02264 - 11 14 18 55 71
02265 - 11 14 18 55 79
02266 - 11 14 18 67 71
02267 - 11 14 18 67 79
02268 - 11 14 18 71 79
02269 - 11 14 35 37 47
02270 - 11 14 35 37 55
02271 - 11 14 35 37 67
02272 - 11 14 35 37 71
02273 - 11 14 35 37 79
02274 - 11 14 35 47 55
02275 - 11 14 35 47 67
02276 - 11 14 35 47 71
02277 - 11 14 35 47 79
02278 - 11 14 35 55 67
02279 - 11 14 35 55 71
02280 - 11 14 35 55 79
02281 - 11 14 35 67 71
02282 - 11 14 35 67 79
02283 - 11 14 35 71 79
02284 - 11 14 37 47 55
02285 - 11 14 37 47 67
02286 - 11 14 37 47 71
02287 - 11 14 37 47 79
02288 - 11 14 37 55 67
02289 - 11 14 37 55 71
02290 - 11 14 37 55 79
02291 - 11 14 37 67 71
02292 - 11 14 37 67 79
02293 - 11 14 37 71 79
02294 - 11 14 47 55 67
02295 - 11 14 47 55 71
02296 - 11 14 47 55 79
02297 - 11 14 47 67 71
02298 - 11 14 47 67 79
02299 - 11 14 47 71 79
02300 - 11 14 55 67 71
02301 - 11 14 55 67 79
02302 - 11 14 55 71 79
02303 - 11 14 67 71 79
02304 - 11 18 35 37 47
02305 - 11 18 35 37 55
02306 - 11 18 35 37 67
02307 - 11 18 35 37 71
02308 - 11 18 35 37 79
02309 - 11 18 35 47 55
02310 - 11 18 35 47 67
02311 - 11 18 35 47 71
02312 - 11 18 35 47 79
02313 - 11 18 35 55 67
02314 - 11 18 35 55 71
02315 - 11 18 35 55 79
02316 - 11 18 35 67 71
02317 - 11 18 35 67 79
02318 - 11 18 35 71 79
02319 - 11 18 37 47 55
02320 - 11 18 37 47 67
02321 - 11 18 37 47 71
02322 - 11 18 37 47 79
02323 - 11 18 37 55 67
02324 - 11 18 37 55 71
02325 - 11 18 37 55 79
02326 - 11 18 37 67 71
02327 - 11 18 37 67 79
02328 - 11 18 37 71 79
02329 - 11 18 47 55 67
02330 - 11 18 47 55 71
02331 - 11 18 47 55 79
02332 - 11 18 47 67 71
02333 - 11 18 47 67 79
02334 - 11 18 47 71 79
02335 - 11 18 55 67 71
02336 - 11 18 55 67 79
02337 - 11 18 55 71 79
02338 - 11 18 67 71 79
02339 - 11 35 37 47 55
02340 - 11 35 37 47 67
02341 - 11 35 37 47 71
02342 - 11 35 37 47 79
02343 - 11 35 37 55 67
02344 - 11 35 37 55 71
02345 - 11 35 37 55 79
02346 - 11 35 37 67 71
02347 - 11 35 37 67 79
02348 - 11 35 37 71 79
02349 - 11 35 47 55 67
02350 - 11 35 47 55 71
02351 - 11 35 47 55 79
02352 - 11 35 47 67 71
02353 - 11 35 47 67 79
02354 - 11 35 47 71 79
02355 - 11 35 55 67 71
02356 - 11 35 55 67 79
02357 - 11 35 55 71 79
02358 - 11 35 67 71 79
02359 - 11 37 47 55 67
02360 - 11 37 47 55 71
02361 - 11 37 47 55 79
02362 - 11 37 47 67 71
02363 - 11 37 47 67 79
02364 - 11 37 47 71 79
02365 - 11 37 55 67 71
02366 - 11 37 55 67 79
02367 - 11 37 55 71 79
02368 - 11 37 67 71 79
02369 - 11 47 55 67 71
02370 - 11 47 55 67 79
02371 - 11 47 55 71 79
02372 - 11 47 67 71 79
02373 - 11 55 67 71 79
02374 - 12 15 28 45 51
02375 - 12 17 28 37 53
02376 - 12 17 28 37 56
02377 - 12 17 28 37 61
02378 - 12 17 28 37 62
02379 - 12 17 28 37 65
02380 - 12 17 28 37 68
02381 - 12 17 28 53 56
02382 - 12 17 28 53 61
02383 - 12 17 28 53 62
02384 - 12 17 28 53 65
02385 - 12 17 28 53 68
02386 - 12 17 28 56 61
02387 - 12 17 28 56 62
02388 - 12 17 28 56 65
02389 - 12 17 28 56 68
02390 - 12 17 28 61 62
02391 - 12 17 28 61 65
02392 - 12 17 28 61 68
02393 - 12 17 28 62 65
02394 - 12 17 28 62 68
02395 - 12 17 28 65 68
02396 - 12 17 37 53 56
02397 - 12 17 37 53 61
02398 - 12 17 37 53 62
02399 - 12 17 37 53 65
02400 - 12 17 37 53 68
02401 - 12 17 37 56 61
02402 - 12 17 37 56 62
02403 - 12 17 37 56 65
02404 - 12 17 37 56 68
02405 - 12 17 37 61 62
02406 - 12 17 37 61 65
02407 - 12 17 37 61 68
02408 - 12 17 37 62 65
02409 - 12 17 37 62 68
02410 - 12 17 37 65 68
02411 - 12 17 53 56 61
02412 - 12 17 53 56 62
02413 - 12 17 53 56 65
02414 - 12 17 53 56 68
02415 - 12 17 53 61 62
02416 - 12 17 53 61 65
02417 - 12 17 53 61 68
02418 - 12 17 53 62 65
02419 - 12 17 53 62 68
02420 - 12 17 53 65 68
02421 - 12 17 56 61 62
02422 - 12 17 56 61 65
02423 - 12 17 56 61 68
02424 - 12 17 56 62 65
02425 - 12 17 56 62 68
02426 - 12 17 56 65 68
02427 - 12 17 61 62 65
02428 - 12 17 61 62 68
02429 - 12 17 61 65 68
02430 - 12 17 62 65 68
02431 - 12 28 37 53 56
02432 - 12 28 37 53 61
02433 - 12 28 37 53 62
02434 - 12 28 37 53 65
02435 - 12 28 37 53 68
02436 - 12 28 37 56 61
02437 - 12 28 37 56 62
02438 - 12 28 37 56 65
02439 - 12 28 37 56 68
02440 - 12 28 37 61 62
02441 - 12 28 37 61 65
02442 - 12 28 37 61 68
02443 - 12 28 37 62 65
02444 - 12 28 37 62 68
02445 - 12 28 37 65 68
02446 - 12 28 53 56 61
02447 - 12 28 53 56 62
02448 - 12 28 53 56 65
02449 - 12 28 53 56 68
02450 - 12 28 53 61 62
02451 - 12 28 53 61 65
02452 - 12 28 53 61 68
02453 - 12 28 53 62 65
02454 - 12 28 53 62 68
02455 - 12 28 53 65 68
02456 - 12 28 56 61 62
02457 - 12 28 56 61 65
02458 - 12 28 56 61 68
02459 - 12 28 56 62 65
02460 - 12 28 56 62 68
02461 - 12 28 56 65 68
02462 - 12 28 61 62 65
02463 - 12 28 61 62 68
02464 - 12 28 61 65 68
02465 - 12 28 62 65 68
02466 - 12 37 53 56 61
02467 - 12 37 53 56 62
02468 - 12 37 53 56 65
02469 - 12 37 53 56 68
02470 - 12 37 53 61 62
02471 - 12 37 53 61 65
02472 - 12 37 53 61 68
02473 - 12 37 53 62 65
02474 - 12 37 53 62 68
02475 - 12 37 53 65 68
02476 - 12 37 56 61 62
02477 - 12 37 56 61 65
02478 - 12 37 56 61 68
02479 - 12 37 56 62 65
02480 - 12 37 56 62 68
02481 - 12 37 56 65 68
02482 - 12 37 61 62 65
02483 - 12 37 61 62 68
02484 - 12 37 61 65 68
02485 - 12 37 62 65 68
02486 - 12 53 56 61 62
02487 - 12 53 56 61 65
02488 - 12 53 56 61 68
02489 - 12 53 56 62 65
02490 - 12 53 56 62 68
02491 - 12 53 56 65 68
02492 - 12 53 61 62 65
02493 - 12 53 61 62 68
02494 - 12 53 61 65 68
02495 - 12 53 62 65 68
02496 - 12 56 61 62 65
02497 - 12 56 61 62 68
02498 - 12 56 61 65 68
02499 - 12 56 62 65 68
02500 - 12 61 62 65 68
02501 - 13 19 27 43 45
02502 - 13 19 27 43 58
02503 - 13 19 27 43 59
02504 - 13 19 27 43 62
02505 - 13 19 27 43 71
02506 - 13 19 27 43 74
02507 - 13 19 27 45 58
02508 - 13 19 27 45 59
02509 - 13 19 27 45 62
02510 - 13 19 27 45 71
02511 - 13 19 27 45 74
02512 - 13 19 27 58 59
02513 - 13 19 27 58 62
02514 - 13 19 27 58 71
02515 - 13 19 27 58 74
02516 - 13 19 27 59 62
02517 - 13 19 27 59 71
02518 - 13 19 27 59 74
02519 - 13 19 27 62 71
02520 - 13 19 27 62 74
02521 - 13 19 27 71 74
02522 - 13 19 43 45 58
02523 - 13 19 43 45 59
02524 - 13 19 43 45 62
02525 - 13 19 43 45 71
02526 - 13 19 43 45 74
02527 - 13 19 43 58 59
02528 - 13 19 43 58 62
02529 - 13 19 43 58 71
02530 - 13 19 43 58 74
02531 - 13 19 43 59 62
02532 - 13 19 43 59 71
02533 - 13 19 43 59 74
02534 - 13 19 43 62 71
02535 - 13 19 43 62 74
02536 - 13 19 43 71 74
02537 - 13 19 45 58 59
02538 - 13 19 45 58 62
02539 - 13 19 45 58 71
02540 - 13 19 45 58 74
02541 - 13 19 45 59 62
02542 - 13 19 45 59 71
02543 - 13 19 45 59 74
02544 - 13 19 45 62 71
02545 - 13 19 45 62 74
02546 - 13 19 45 71 74
02547 - 13 19 58 59 62
02548 - 13 19 58 59 71
02549 - 13 19 58 59 74
02550 - 13 19 58 62 71
02551 - 13 19 58 62 74
02552 - 13 19 58 71 74
02553 - 13 19 59 62 71
02554 - 13 19 59 62 74
02555 - 13 19 59 71 74
02556 - 13 19 62 71 74
02557 - 13 27 43 45 58
02558 - 13 27 43 45 59
02559 - 13 27 43 45 62
02560 - 13 27 43 45 71
02561 - 13 27 43 45 74
02562 - 13 27 43 58 59
02563 - 13 27 43 58 62
02564 - 13 27 43 58 71
02565 - 13 27 43 58 74
02566 - 13 27 43 59 62
02567 - 13 27 43 59 71
02568 - 13 27 43 59 74
02569 - 13 27 43 62 71
02570 - 13 27 43 62 74
02571 - 13 27 43 71 74
02572 - 13 27 45 58 59
02573 - 13 27 45 58 62
02574 - 13 27 45 58 71
02575 - 13 27 45 58 74
02576 - 13 27 45 59 62
02577 - 13 27 45 59 71
02578 - 13 27 45 59 74
02579 - 13 27 45 62 71
02580 - 13 27 45 62 74
02581 - 13 27 45 71 74
02582 - 13 27 58 59 62
02583 - 13 27 58 59 71
02584 - 13 27 58 59 74
02585 - 13 27 58 62 71
02586 - 13 27 58 62 74
02587 - 13 27 58 71 74
02588 - 13 27 59 62 71
02589 - 13 27 59 62 74
02590 - 13 27 59 71 74
02591 - 13 27 62 71 74
02592 - 13 43 45 58 59
02593 - 13 43 45 58 62
02594 - 13 43 45 58 71
02595 - 13 43 45 58 74
02596 - 13 43 45 59 62
02597 - 13 43 45 59 71
02598 - 13 43 45 59 74
02599 - 13 43 45 62 71
02600 - 13 43 45 62 74
02601 - 13 43 45 71 74
02602 - 13 43 58 59 62
02603 - 13 43 58 59 71
02604 - 13 43 58 59 74
02605 - 13 43 58 62 71
02606 - 13 43 58 62 74
02607 - 13 43 58 71 74
02608 - 13 43 59 62 71
02609 - 13 43 59 62 74
02610 - 13 43 59 71 74
02611 - 13 43 62 71 74
02612 - 13 45 58 59 62
02613 - 13 45 58 59 71
02614 - 13 45 58 59 74
02615 - 13 45 58 62 71
02616 - 13 45 58 62 74
02617 - 13 45 58 71 74
02618 - 13 45 59 62 71
02619 - 13 45 59 62 74
02620 - 13 45 59 71 74
02621 - 13 45 62 71 74
02622 - 13 58 59 62 71
02623 - 13 58 59 62 74
02624 - 13 58 59 71 74
02625 - 13 58 62 71 74
02626 - 13 59 62 71 74
02627 - 14 15 16 34 50
02628 - 14 15 16 34 54
02629 - 14 15 16 34 58
02630 - 14 15 16 50 54
02631 - 14 15 16 50 58
02632 - 14 15 16 54 58
02633 - 14 15 34 50 54
02634 - 14 15 34 50 58
02635 - 14 15 34 54 58
02636 - 14 15 50 54 58
02637 - 14 16 34 50 54
02638 - 14 16 34 50 58
02639 - 14 16 34 54 58
02640 - 14 16 50 54 58
02641 - 14 18 35 37 47
02642 - 14 18 35 37 55
02643 - 14 18 35 37 67
02644 - 14 18 35 37 71
02645 - 14 18 35 37 79
02646 - 14 18 35 47 55
02647 - 14 18 35 47 67
02648 - 14 18 35 47 71
02649 - 14 18 35 47 79
02650 - 14 18 35 55 67
02651 - 14 18 35 55 71
02652 - 14 18 35 55 79
02653 - 14 18 35 67 71
02654 - 14 18 35 67 79
02655 - 14 18 35 71 79
02656 - 14 18 37 47 55
02657 - 14 18 37 47 67
02658 - 14 18 37 47 71
02659 - 14 18 37 47 79
02660 - 14 18 37 55 67
02661 - 14 18 37 55 71
02662 - 14 18 37 55 79
02663 - 14 18 37 67 71
02664 - 14 18 37 67 79
02665 - 14 18 37 71 79
02666 - 14 18 47 55 67
02667 - 14 18 47 55 71
02668 - 14 18 47 55 79
02669 - 14 18 47 67 71
02670 - 14 18 47 67 79
02671 - 14 18 47 71 79
02672 - 14 18 55 67 71
02673 - 14 18 55 67 79
02674 - 14 18 55 71 79
02675 - 14 18 67 71 79
02676 - 14 33 34 45 48
02677 - 14 33 34 45 49
02678 - 14 33 34 45 51
02679 - 14 33 34 45 57
02680 - 14 33 34 45 61
02681 - 14 33 34 45 80
02682 - 14 33 34 48 49
02683 - 14 33 34 48 51
02684 - 14 33 34 48 57
02685 - 14 33 34 48 61
02686 - 14 33 34 48 80
02687 - 14 33 34 49 51
02688 - 14 33 34 49 57
02689 - 14 33 34 49 61
02690 - 14 33 34 49 80
02691 - 14 33 34 51 57
02692 - 14 33 34 51 61
02693 - 14 33 34 51 80
02694 - 14 33 34 57 61
02695 - 14 33 34 57 80
02696 - 14 33 34 61 80
02697 - 14 33 45 48 49
02698 - 14 33 45 48 51
02699 - 14 33 45 48 57
02700 - 14 33 45 48 61
02701 - 14 33 45 48 80
02702 - 14 33 45 49 51
02703 - 14 33 45 49 57
02704 - 14 33 45 49 61
02705 - 14 33 45 49 80
02706 - 14 33 45 51 57
02707 - 14 33 45 51 61
02708 - 14 33 45 51 80
02709 - 14 33 45 57 61
02710 - 14 33 45 57 80
02711 - 14 33 45 61 80
02712 - 14 33 48 49 51
02713 - 14 33 48 49 57
02714 - 14 33 48 49 61
02715 - 14 33 48 49 80
02716 - 14 33 48 51 57
02717 - 14 33 48 51 61
02718 - 14 33 48 51 80
02719 - 14 33 48 57 61
02720 - 14 33 48 57 80
02721 - 14 33 48 61 80
02722 - 14 33 49 51 57
02723 - 14 33 49 51 61
02724 - 14 33 49 51 80
02725 - 14 33 49 57 61
02726 - 14 33 49 57 80
02727 - 14 33 49 61 80
02728 - 14 33 51 57 61
02729 - 14 33 51 57 80
02730 - 14 33 51 61 80
02731 - 14 33 57 61 80
02732 - 14 34 45 48 49
02733 - 14 34 45 48 51
02734 - 14 34 45 48 57
02735 - 14 34 45 48 61
02736 - 14 34 45 48 80
02737 - 14 34 45 49 51
02738 - 14 34 45 49 57
02739 - 14 34 45 49 61
02740 - 14 34 45 49 80
02741 - 14 34 45 51 57
02742 - 14 34 45 51 61
02743 - 14 34 45 51 80
02744 - 14 34 45 57 61
02745 - 14 34 45 57 80
02746 - 14 34 45 61 80
02747 - 14 34 48 49 51
02748 - 14 34 48 49 57
02749 - 14 34 48 49 61
02750 - 14 34 48 49 80
02751 - 14 34 48 51 57
02752 - 14 34 48 51 61
02753 - 14 34 48 51 80
02754 - 14 34 48 57 61
02755 - 14 34 48 57 80
02756 - 14 34 48 61 80
02757 - 14 34 49 51 57
02758 - 14 34 49 51 61
02759 - 14 34 49 51 80
02760 - 14 34 49 57 61
02761 - 14 34 49 57 80
02762 - 14 34 49 61 80
02763 - 14 34 50 54 58
02764 - 14 34 51 57 61
02765 - 14 34 51 57 80
02766 - 14 34 51 61 80
02767 - 14 34 57 61 80
02768 - 14 35 37 47 55
02769 - 14 35 37 47 67
02770 - 14 35 37 47 71
02771 - 14 35 37 47 79
02772 - 14 35 37 55 67
02773 - 14 35 37 55 71
02774 - 14 35 37 55 79
02775 - 14 35 37 67 71
02776 - 14 35 37 67 79
02777 - 14 35 37 71 79
02778 - 14 35 47 55 67
02779 - 14 35 47 55 71
02780 - 14 35 47 55 79
02781 - 14 35 47 67 71
02782 - 14 35 47 67 79
02783 - 14 35 47 71 79
02784 - 14 35 55 67 71
02785 - 14 35 55 67 79
02786 - 14 35 55 71 79
02787 - 14 35 67 71 79
02788 - 14 37 47 55 67
02789 - 14 37 47 55 71
02790 - 14 37 47 55 79
02791 - 14 37 47 67 71
02792 - 14 37 47 67 79
02793 - 14 37 47 71 79
02794 - 14 37 55 67 71
02795 - 14 37 55 67 79
02796 - 14 37 55 71 79
02797 - 14 37 67 71 79
02798 - 14 45 48 49 51
02799 - 14 45 48 49 57
02800 - 14 45 48 49 61
02801 - 14 45 48 49 80
02802 - 14 45 48 51 57
02803 - 14 45 48 51 61
02804 - 14 45 48 51 80
02805 - 14 45 48 57 61
02806 - 14 45 48 57 80
02807 - 14 45 48 61 80
02808 - 14 45 49 51 57
02809 - 14 45 49 51 61
02810 - 14 45 49 51 80
02811 - 14 45 49 57 61
02812 - 14 45 49 57 80
02813 - 14 45 49 61 80
02814 - 14 45 51 57 61
02815 - 14 45 51 57 80
02816 - 14 45 51 61 80
02817 - 14 45 57 61 80
02818 - 14 47 55 67 71
02819 - 14 47 55 67 79
02820 - 14 47 55 71 79
02821 - 14 47 67 71 79
02822 - 14 48 49 51 57
02823 - 14 48 49 51 61
02824 - 14 48 49 51 80
02825 - 14 48 49 57 61
02826 - 14 48 49 57 80
02827 - 14 48 49 61 80
02828 - 14 48 51 57 61
02829 - 14 48 51 57 80
02830 - 14 48 51 61 80
02831 - 14 48 57 61 80
02832 - 14 49 51 57 61
02833 - 14 49 51 57 80
02834 - 14 49 51 61 80
02835 - 14 49 57 61 80
02836 - 14 51 57 61 80
02837 - 14 55 67 71 79
02838 - 15 16 34 50 54
02839 - 15 16 34 50 58
02840 - 15 16 34 54 58
02841 - 15 16 50 54 58
02842 - 15 20 25 32 33
02843 - 15 20 25 32 43
02844 - 15 20 25 32 46
02845 - 15 20 25 32 70
02846 - 15 20 25 33 43
02847 - 15 20 25 33 46
02848 - 15 20 25 33 70
02849 - 15 20 25 43 46
02850 - 15 20 25 43 70
02851 - 15 20 25 46 70
02852 - 15 20 32 33 43
02853 - 15 20 32 33 46
02854 - 15 20 32 33 70
02855 - 15 20 32 43 46
02856 - 15 20 32 43 70
02857 - 15 20 32 46 70
02858 - 15 20 33 43 46
02859 - 15 20 33 43 70
02860 - 15 20 33 46 70
02861 - 15 20 43 46 70
02862 - 15 25 32 33 43
02863 - 15 25 32 33 46
02864 - 15 25 32 33 70
02865 - 15 25 32 43 46
02866 - 15 25 32 43 70
02867 - 15 25 32 46 70
02868 - 15 25 33 43 46
02869 - 15 25 33 43 70
02870 - 15 25 33 46 70
02871 - 15 25 43 46 70
02872 - 15 32 33 43 46
02873 - 15 32 33 43 70
02874 - 15 32 33 46 70
02875 - 15 32 43 46 70
02876 - 15 33 43 46 70
02877 - 15 34 50 54 58
02878 - 16 19 20 39 46
02879 - 16 19 20 39 53
02880 - 16 19 20 39 69
02881 - 16 19 20 46 53
02882 - 16 19 20 46 69
02883 - 16 19 20 53 69
02884 - 16 19 39 46 53
02885 - 16 19 39 46 69
02886 - 16 19 39 53 69
02887 - 16 19 46 53 69
02888 - 16 20 39 46 53
02889 - 16 20 39 46 69
02890 - 16 20 39 53 69
02891 - 16 20 46 53 69
02892 - 16 24 31 42 55
02893 - 16 24 31 42 58
02894 - 16 24 31 42 62
02895 - 16 24 31 42 73
02896 - 16 24 31 42 75
02897 - 16 24 31 55 58
02898 - 16 24 31 55 62
02899 - 16 24 31 55 73
02900 - 16 24 31 55 75
02901 - 16 24 31 58 62
02902 - 16 24 31 58 73
02903 - 16 24 31 58 75
02904 - 16 24 31 62 73
02905 - 16 24 31 62 75
02906 - 16 24 31 73 75
02907 - 16 24 42 55 58
02908 - 16 24 42 55 62
02909 - 16 24 42 55 73
02910 - 16 24 42 55 75
02911 - 16 24 42 58 62
02912 - 16 24 42 58 73
02913 - 16 24 42 58 75
02914 - 16 24 42 62 73
02915 - 16 24 42 62 75
02916 - 16 24 42 73 75
02917 - 16 24 55 58 62
02918 - 16 24 55 58 73
02919 - 16 24 55 58 75
02920 - 16 24 55 62 73
02921 - 16 24 55 62 75
02922 - 16 24 55 73 75
02923 - 16 24 58 62 73
02924 - 16 24 58 62 75
02925 - 16 24 58 73 75
02926 - 16 24 62 73 75
02927 - 16 31 42 55 58
02928 - 16 31 42 55 62
02929 - 16 31 42 55 73
02930 - 16 31 42 55 75
02931 - 16 31 42 58 62
02932 - 16 31 42 58 73
02933 - 16 31 42 58 75
02934 - 16 31 42 62 73
02935 - 16 31 42 62 75
02936 - 16 31 42 73 75
02937 - 16 31 55 58 62
02938 - 16 31 55 58 73
02939 - 16 31 55 58 75
02940 - 16 31 55 62 73
02941 - 16 31 55 62 75
02942 - 16 31 55 73 75
02943 - 16 31 58 62 73
02944 - 16 31 58 62 75
02945 - 16 31 58 73 75
02946 - 16 31 62 73 75
02947 - 16 34 50 54 58
02948 - 16 39 46 53 69
02949 - 16 42 55 58 62
02950 - 16 42 55 58 73
02951 - 16 42 55 58 75
02952 - 16 42 55 62 73
02953 - 16 42 55 62 75
02954 - 16 42 55 73 75
02955 - 16 42 58 62 73
02956 - 16 42 58 62 75
02957 - 16 42 58 73 75
02958 - 16 42 62 73 75
02959 - 16 55 58 62 73
02960 - 16 55 58 62 75
02961 - 16 55 58 73 75
02962 - 16 55 62 73 75
02963 - 16 58 62 73 75
02964 - 17 28 37 53 56
02965 - 17 28 37 53 61
02966 - 17 28 37 53 62
02967 - 17 28 37 53 65
02968 - 17 28 37 53 68
02969 - 17 28 37 56 61
02970 - 17 28 37 56 62
02971 - 17 28 37 56 65
02972 - 17 28 37 56 68
02973 - 17 28 37 61 62
02974 - 17 28 37 61 65
02975 - 17 28 37 61 68
02976 - 17 28 37 62 65
02977 - 17 28 37 62 68
02978 - 17 28 37 65 68
02979 - 17 28 53 56 61
02980 - 17 28 53 56 62
02981 - 17 28 53 56 65
02982 - 17 28 53 56 68
02983 - 17 28 53 61 62
02984 - 17 28 53 61 65
02985 - 17 28 53 61 68
02986 - 17 28 53 62 65
02987 - 17 28 53 62 68
02988 - 17 28 53 65 68
02989 - 17 28 56 61 62
02990 - 17 28 56 61 65
02991 - 17 28 56 61 68
02992 - 17 28 56 62 65
02993 - 17 28 56 62 68
02994 - 17 28 56 65 68
02995 - 17 28 61 62 65
02996 - 17 28 61 62 68
02997 - 17 28 61 65 68
02998 - 17 28 62 65 68
02999 - 17 37 53 56 61
03000 - 17 37 53 56 62
03001 - 17 37 53 56 65
03002 - 17 37 53 56 68
03003 - 17 37 53 61 62
03004 - 17 37 53 61 65
03005 - 17 37 53 61 68
03006 - 17 37 53 62 65
03007 - 17 37 53 62 68
03008 - 17 37 53 65 68
03009 - 17 37 56 61 62
03010 - 17 37 56 61 65
03011 - 17 37 56 61 68
03012 - 17 37 56 62 65
03013 - 17 37 56 62 68
03014 - 17 37 56 65 68
03015 - 17 37 61 62 65
03016 - 17 37 61 62 68
03017 - 17 37 61 65 68
03018 - 17 37 62 65 68
03019 - 17 53 56 61 62
03020 - 17 53 56 61 65
03021 - 17 53 56 61 68
03022 - 17 53 56 62 65
03023 - 17 53 56 62 68
03024 - 17 53 56 65 68
03025 - 17 53 61 62 65
03026 - 17 53 61 62 68
03027 - 17 53 61 65 68
03028 - 17 53 62 65 68
03029 - 17 56 61 62 65
03030 - 17 56 61 62 68
03031 - 17 56 61 65 68
03032 - 17 56 62 65 68
03033 - 17 61 62 65 68
03034 - 18 35 37 47 55
03035 - 18 35 37 47 67
03036 - 18 35 37 47 71
03037 - 18 35 37 47 79
03038 - 18 35 37 55 67
03039 - 18 35 37 55 71
03040 - 18 35 37 55 79
03041 - 18 35 37 67 71
03042 - 18 35 37 67 79
03043 - 18 35 37 71 79
03044 - 18 35 47 55 67
03045 - 18 35 47 55 71
03046 - 18 35 47 55 79
03047 - 18 35 47 67 71
03048 - 18 35 47 67 79
03049 - 18 35 47 71 79
03050 - 18 35 55 67 71
03051 - 18 35 55 67 79
03052 - 18 35 55 71 79
03053 - 18 35 67 71 79
03054 - 18 37 47 55 67
03055 - 18 37 47 55 71
03056 - 18 37 47 55 79
03057 - 18 37 47 67 71
03058 - 18 37 47 67 79
03059 - 18 37 47 71 79
03060 - 18 37 55 67 71
03061 - 18 37 55 67 79
03062 - 18 37 55 71 79
03063 - 18 37 67 71 79
03064 - 18 38 46 47 54
03065 - 18 38 46 47 64
03066 - 18 38 46 47 70
03067 - 18 38 46 47 78
03068 - 18 38 46 54 64
03069 - 18 38 46 54 70
03070 - 18 38 46 54 78
03071 - 18 38 46 64 70
03072 - 18 38 46 64 78
03073 - 18 38 46 70 78
03074 - 18 38 47 54 64
03075 - 18 38 47 54 70
03076 - 18 38 47 54 78
03077 - 18 38 47 64 70
03078 - 18 38 47 64 78
03079 - 18 38 47 70 78
03080 - 18 38 54 64 70
03081 - 18 38 54 64 78
03082 - 18 38 54 70 78
03083 - 18 38 64 70 78
03084 - 18 46 47 54 64
03085 - 18 46 47 54 70
03086 - 18 46 47 54 78
03087 - 18 46 47 64 70
03088 - 18 46 47 64 78
03089 - 18 46 47 70 78
03090 - 18 46 54 64 70
03091 - 18 46 54 64 78
03092 - 18 46 54 70 78
03093 - 18 46 64 70 78
03094 - 18 47 54 64 70
03095 - 18 47 54 64 78
03096 - 18 47 54 70 78
03097 - 18 47 55 67 71
03098 - 18 47 55 67 79
03099 - 18 47 55 71 79
03100 - 18 47 64 70 78
03101 - 18 47 67 71 79
03102 - 18 54 64 70 78
03103 - 18 55 67 71 79
03104 - 19 20 39 46 53
03105 - 19 20 39 46 69
03106 - 19 20 39 53 69
03107 - 19 20 46 53 69
03108 - 19 22 24 45 56
03109 - 19 22 24 45 61
03110 - 19 22 24 45 62
03111 - 19 22 24 45 76
03112 - 19 22 24 45 78
03113 - 19 22 24 56 61
03114 - 19 22 24 56 62
03115 - 19 22 24 56 76
03116 - 19 22 24 56 78
03117 - 19 22 24 61 62
03118 - 19 22 24 61 76
03119 - 19 22 24 61 78
03120 - 19 22 24 62 76
03121 - 19 22 24 62 78
03122 - 19 22 24 76 78
03123 - 19 22 45 56 61
03124 - 19 22 45 56 62
03125 - 19 22 45 56 76
03126 - 19 22 45 56 78
03127 - 19 22 45 61 62
03128 - 19 22 45 61 76
03129 - 19 22 45 61 78
03130 - 19 22 45 62 76
03131 - 19 22 45 62 78
03132 - 19 22 45 76 78
03133 - 19 22 56 61 62
03134 - 19 22 56 61 76
03135 - 19 22 56 61 78
03136 - 19 22 56 62 76
03137 - 19 22 56 62 78
03138 - 19 22 56 76 78
03139 - 19 22 61 62 76
03140 - 19 22 61 62 78
03141 - 19 22 61 76 78
03142 - 19 22 62 76 78
03143 - 19 24 45 56 61
03144 - 19 24 45 56 62
03145 - 19 24 45 56 76
03146 - 19 24 45 56 78
03147 - 19 24 45 61 62
03148 - 19 24 45 61 76
03149 - 19 24 45 61 78
03150 - 19 24 45 62 76
03151 - 19 24 45 62 78
03152 - 19 24 45 76 78
03153 - 19 24 56 61 62
03154 - 19 24 56 61 76
03155 - 19 24 56 61 78
03156 - 19 24 56 62 76
03157 - 19 24 56 62 78
03158 - 19 24 56 76 78
03159 - 19 24 61 62 76
03160 - 19 24 61 62 78
03161 - 19 24 61 76 78
03162 - 19 24 62 76 78
03163 - 19 27 33 49 51
03164 - 19 27 33 49 54
03165 - 19 27 33 49 55
03166 - 19 27 33 49 58
03167 - 19 27 33 49 78
03168 - 19 27 33 51 54
03169 - 19 27 33 51 55
03170 - 19 27 33 51 58
03171 - 19 27 33 51 78
03172 - 19 27 33 54 55
03173 - 19 27 33 54 58
03174 - 19 27 33 54 78
03175 - 19 27 33 55 58
03176 - 19 27 33 55 78
03177 - 19 27 33 58 78
03178 - 19 27 43 45 58
03179 - 19 27 43 45 59
03180 - 19 27 43 45 62
03181 - 19 27 43 45 71
03182 - 19 27 43 45 74
03183 - 19 27 43 58 59
03184 - 19 27 43 58 62
03185 - 19 27 43 58 71
03186 - 19 27 43 58 74
03187 - 19 27 43 59 62
03188 - 19 27 43 59 71
03189 - 19 27 43 59 74
03190 - 19 27 43 62 71
03191 - 19 27 43 62 74
03192 - 19 27 43 71 74
03193 - 19 27 45 58 59
03194 - 19 27 45 58 62
03195 - 19 27 45 58 71
03196 - 19 27 45 58 74
03197 - 19 27 45 59 62
03198 - 19 27 45 59 71
03199 - 19 27 45 59 74
03200 - 19 27 45 62 71
03201 - 19 27 45 62 74
03202 - 19 27 45 71 74
03203 - 19 27 49 51 54
03204 - 19 27 49 51 55
03205 - 19 27 49 51 58
03206 - 19 27 49 51 78
03207 - 19 27 49 54 55
03208 - 19 27 49 54 58
03209 - 19 27 49 54 78
03210 - 19 27 49 55 58
03211 - 19 27 49 55 78
03212 - 19 27 49 58 78
03213 - 19 27 51 54 55
03214 - 19 27 51 54 58
03215 - 19 27 51 54 78
03216 - 19 27 51 55 58
03217 - 19 27 51 55 78
03218 - 19 27 51 58 78
03219 - 19 27 54 55 58
03220 - 19 27 54 55 78
03221 - 19 27 54 58 78
03222 - 19 27 55 58 78
03223 - 19 27 58 59 62
03224 - 19 27 58 59 71
03225 - 19 27 58 59 74
03226 - 19 27 58 62 71
03227 - 19 27 58 62 74
03228 - 19 27 58 71 74
03229 - 19 27 59 62 71
03230 - 19 27 59 62 74
03231 - 19 27 59 71 74
03232 - 19 27 62 71 74
03233 - 19 33 49 51 54
03234 - 19 33 49 51 55
03235 - 19 33 49 51 58
03236 - 19 33 49 51 78
03237 - 19 33 49 54 55
03238 - 19 33 49 54 58
03239 - 19 33 49 54 78
03240 - 19 33 49 55 58
03241 - 19 33 49 55 78
03242 - 19 33 49 58 78
03243 - 19 33 51 54 55
03244 - 19 33 51 54 58
03245 - 19 33 51 54 78
03246 - 19 33 51 55 58
03247 - 19 33 51 55 78
03248 - 19 33 51 58 78
03249 - 19 33 54 55 58
03250 - 19 33 54 55 78
03251 - 19 33 54 58 78
03252 - 19 33 55 58 78
03253 - 19 39 46 53 69
03254 - 19 43 45 58 59
03255 - 19 43 45 58 62
03256 - 19 43 45 58 71
03257 - 19 43 45 58 74
03258 - 19 43 45 59 62
03259 - 19 43 45 59 71
03260 - 19 43 45 59 74
03261 - 19 43 45 62 71
03262 - 19 43 45 62 74
03263 - 19 43 45 71 74
03264 - 19 43 58 59 62
03265 - 19 43 58 59 71
03266 - 19 43 58 59 74
03267 - 19 43 58 62 71
03268 - 19 43 58 62 74
03269 - 19 43 58 71 74
03270 - 19 43 59 62 71
03271 - 19 43 59 62 74
03272 - 19 43 59 71 74
03273 - 19 43 62 71 74
03274 - 19 45 56 61 62
03275 - 19 45 56 61 76
03276 - 19 45 56 61 78
03277 - 19 45 56 62 76
03278 - 19 45 56 62 78
03279 - 19 45 56 76 78
03280 - 19 45 58 59 62
03281 - 19 45 58 59 71
03282 - 19 45 58 59 74
03283 - 19 45 58 62 71
03284 - 19 45 58 62 74
03285 - 19 45 58 71 74
03286 - 19 45 59 62 71
03287 - 19 45 59 62 74
03288 - 19 45 59 71 74
03289 - 19 45 61 62 76
03290 - 19 45 61 62 78
03291 - 19 45 61 76 78
03292 - 19 45 62 71 74
03293 - 19 45 62 76 78
03294 - 19 49 51 54 55
03295 - 19 49 51 54 58
03296 - 19 49 51 54 78
03297 - 19 49 51 55 58
03298 - 19 49 51 55 78
03299 - 19 49 51 58 78
03300 - 19 49 54 55 58
03301 - 19 49 54 55 78
03302 - 19 49 54 58 78
03303 - 19 49 55 58 78
03304 - 19 51 54 55 58
03305 - 19 51 54 55 78
03306 - 19 51 54 58 78
03307 - 19 51 55 58 78
03308 - 19 54 55 58 78
03309 - 19 56 61 62 76
03310 - 19 56 61 62 78
03311 - 19 56 61 76 78
03312 - 19 56 62 76 78
03313 - 19 58 59 62 71
03314 - 19 58 59 62 74
03315 - 19 58 59 71 74
03316 - 19 58 62 71 74
03317 - 19 59 62 71 74
03318 - 19 61 62 76 78
03319 - 20 25 32 33 43
03320 - 20 25 32 33 46
03321 - 20 25 32 33 70
03322 - 20 25 32 43 46
03323 - 20 25 32 43 70
03324 - 20 25 32 46 70
03325 - 20 25 33 35 46
03326 - 20 25 33 35 52
03327 - 20 25 33 35 59
03328 - 20 25 33 35 79
03329 - 20 25 33 43 46
03330 - 20 25 33 43 70
03331 - 20 25 33 46 52
03332 - 20 25 33 46 59
03333 - 20 25 33 46 70
03334 - 20 25 33 46 79
03335 - 20 25 33 52 59
03336 - 20 25 33 52 79
03337 - 20 25 33 59 79
03338 - 20 25 35 46 52
03339 - 20 25 35 46 59
03340 - 20 25 35 46 79
03341 - 20 25 35 52 59
03342 - 20 25 35 52 79
03343 - 20 25 35 59 79
03344 - 20 25 43 46 70
03345 - 20 25 46 52 59
03346 - 20 25 46 52 79
03347 - 20 25 46 59 79
03348 - 20 25 52 59 79
03349 - 20 29 33 34 62
03350 - 20 29 33 34 66
03351 - 20 29 33 34 67
03352 - 20 29 33 34 74
03353 - 20 29 33 34 77
03354 - 20 29 33 62 66
03355 - 20 29 33 62 67
03356 - 20 29 33 62 74
03357 - 20 29 33 62 77
03358 - 20 29 33 66 67
03359 - 20 29 33 66 74
03360 - 20 29 33 66 77
03361 - 20 29 33 67 74
03362 - 20 29 33 67 77
03363 - 20 29 33 74 77
03364 - 20 29 34 62 66
03365 - 20 29 34 62 67
03366 - 20 29 34 62 74
03367 - 20 29 34 62 77
03368 - 20 29 34 66 67
03369 - 20 29 34 66 74
03370 - 20 29 34 66 77
03371 - 20 29 34 67 74
03372 - 20 29 34 67 77
03373 - 20 29 34 74 77
03374 - 20 29 62 66 67
03375 - 20 29 62 66 74
03376 - 20 29 62 66 77
03377 - 20 29 62 67 74
03378 - 20 29 62 67 77
03379 - 20 29 62 74 77
03380 - 20 29 66 67 74
03381 - 20 29 66 67 77
03382 - 20 29 66 74 77
03383 - 20 29 67 74 77
03384 - 20 32 33 43 46
03385 - 20 32 33 43 70
03386 - 20 32 33 46 70
03387 - 20 32 43 46 70
03388 - 20 33 34 62 66
03389 - 20 33 34 62 67
03390 - 20 33 34 62 74
03391 - 20 33 34 62 77
03392 - 20 33 34 66 67
03393 - 20 33 34 66 74
03394 - 20 33 34 66 77
03395 - 20 33 34 67 74
03396 - 20 33 34 67 77
03397 - 20 33 34 74 77
03398 - 20 33 35 46 52
03399 - 20 33 35 46 59
03400 - 20 33 35 46 79
03401 - 20 33 35 52 59
03402 - 20 33 35 52 79
03403 - 20 33 35 59 79
03404 - 20 33 43 46 70
03405 - 20 33 46 52 59
03406 - 20 33 46 52 79
03407 - 20 33 46 59 79
03408 - 20 33 52 59 79
03409 - 20 33 62 66 67
03410 - 20 33 62 66 74
03411 - 20 33 62 66 77
03412 - 20 33 62 67 74
03413 - 20 33 62 67 77
03414 - 20 33 62 74 77
03415 - 20 33 66 67 74
03416 - 20 33 66 67 77
03417 - 20 33 66 74 77
03418 - 20 33 67 74 77
03419 - 20 34 62 66 67
03420 - 20 34 62 66 74
03421 - 20 34 62 66 77
03422 - 20 34 62 67 74
03423 - 20 34 62 67 77
03424 - 20 34 62 74 77
03425 - 20 34 66 67 74
03426 - 20 34 66 67 77
03427 - 20 34 66 74 77
03428 - 20 34 67 74 77
03429 - 20 35 46 52 59
03430 - 20 35 46 52 79
03431 - 20 35 46 59 79
03432 - 20 35 52 59 79
03433 - 20 39 46 53 69
03434 - 20 46 52 59 79
03435 - 20 62 66 67 74
03436 - 20 62 66 67 77
03437 - 20 62 66 74 77
03438 - 20 62 67 74 77
03439 - 20 66 67 74 77
03440 - 22 24 25 29 40
03441 - 22 24 25 29 78
03442 - 22 24 25 40 78
03443 - 22 24 29 40 78
03444 - 22 24 45 56 61
03445 - 22 24 45 56 62
03446 - 22 24 45 56 76
03447 - 22 24 45 56 78
03448 - 22 24 45 61 62
03449 - 22 24 45 61 76
03450 - 22 24 45 61 78
03451 - 22 24 45 62 76
03452 - 22 24 45 62 78
03453 - 22 24 45 76 78
03454 - 22 24 56 61 62
03455 - 22 24 56 61 76
03456 - 22 24 56 61 78
03457 - 22 24 56 62 76
03458 - 22 24 56 62 78
03459 - 22 24 56 76 78
03460 - 22 24 61 62 76
03461 - 22 24 61 62 78
03462 - 22 24 61 76 78
03463 - 22 24 62 76 78
03464 - 22 25 29 40 78
03465 - 22 45 56 61 62
03466 - 22 45 56 61 76
03467 - 22 45 56 61 78
03468 - 22 45 56 62 76
03469 - 22 45 56 62 78
03470 - 22 45 56 76 78
03471 - 22 45 61 62 76
03472 - 22 45 61 62 78
03473 - 22 45 61 76 78
03474 - 22 45 62 76 78
03475 - 22 56 61 62 76
03476 - 22 56 61 62 78
03477 - 22 56 61 76 78
03478 - 22 56 62 76 78
03479 - 22 61 62 76 78
03480 - 24 25 29 40 78
03481 - 24 31 42 55 58
03482 - 24 31 42 55 62
03483 - 24 31 42 55 73
03484 - 24 31 42 55 75
03485 - 24 31 42 58 62
03486 - 24 31 42 58 73
03487 - 24 31 42 58 75
03488 - 24 31 42 62 73
03489 - 24 31 42 62 75
03490 - 24 31 42 73 75
03491 - 24 31 55 58 62
03492 - 24 31 55 58 73
03493 - 24 31 55 58 75
03494 - 24 31 55 62 73
03495 - 24 31 55 62 75
03496 - 24 31 55 73 75
03497 - 24 31 58 62 73
03498 - 24 31 58 62 75
03499 - 24 31 58 73 75
03500 - 24 31 62 73 75
03501 - 24 42 55 58 62
03502 - 24 42 55 58 73
03503 - 24 42 55 58 75
03504 - 24 42 55 62 73
03505 - 24 42 55 62 75
03506 - 24 42 55 73 75
03507 - 24 42 58 62 73
03508 - 24 42 58 62 75
03509 - 24 42 58 73 75
03510 - 24 42 62 73 75
03511 - 24 45 56 61 62
03512 - 24 45 56 61 76
03513 - 24 45 56 61 78
03514 - 24 45 56 62 76
03515 - 24 45 56 62 78
03516 - 24 45 56 76 78
03517 - 24 45 61 62 76
03518 - 24 45 61 62 78
03519 - 24 45 61 76 78
03520 - 24 45 62 76 78
03521 - 24 55 58 62 73
03522 - 24 55 58 62 75
03523 - 24 55 58 73 75
03524 - 24 55 62 73 75
03525 - 24 56 61 62 76
03526 - 24 56 61 62 78
03527 - 24 56 61 76 78
03528 - 24 56 62 76 78
03529 - 24 58 62 73 75
03530 - 24 61 62 76 78
03531 - 25 32 33 43 46
03532 - 25 32 33 43 70
03533 - 25 32 33 46 70
03534 - 25 32 43 46 70
03535 - 25 33 35 46 52
03536 - 25 33 35 46 59
03537 - 25 33 35 46 79
03538 - 25 33 35 52 59
03539 - 25 33 35 52 79
03540 - 25 33 35 59 79
03541 - 25 33 43 46 70
03542 - 25 33 46 52 59
03543 - 25 33 46 52 79
03544 - 25 33 46 59 79
03545 - 25 33 52 59 79
03546 - 25 35 46 52 59
03547 - 25 35 46 52 79
03548 - 25 35 46 59 79
03549 - 25 35 52 59 79
03550 - 25 46 52 59 79
03551 - 26 27 33 52 54
03552 - 26 27 33 52 61
03553 - 26 27 33 52 68
03554 - 26 27 33 52 69
03555 - 26 27 33 54 61
03556 - 26 27 33 54 68
03557 - 26 27 33 54 69
03558 - 26 27 33 61 68
03559 - 26 27 33 61 69
03560 - 26 27 33 68 69
03561 - 26 27 52 54 61
03562 - 26 27 52 54 68
03563 - 26 27 52 54 69
03564 - 26 27 52 61 68
03565 - 26 27 52 61 69
03566 - 26 27 52 68 69
03567 - 26 27 54 61 68
03568 - 26 27 54 61 69
03569 - 26 27 54 68 69
03570 - 26 27 61 68 69
03571 - 26 33 52 54 61
03572 - 26 33 52 54 68
03573 - 26 33 52 54 69
03574 - 26 33 52 61 68
03575 - 26 33 52 61 69
03576 - 26 33 52 68 69
03577 - 26 33 54 61 68
03578 - 26 33 54 61 69
03579 - 26 33 54 68 69
03580 - 26 33 61 68 69
03581 - 26 52 54 61 68
03582 - 26 52 54 61 69
03583 - 26 52 54 68 69
03584 - 26 52 61 68 69
03585 - 26 54 61 68 69
03586 - 27 33 49 51 54
03587 - 27 33 49 51 55
03588 - 27 33 49 51 58
03589 - 27 33 49 51 78
03590 - 27 33 49 54 55
03591 - 27 33 49 54 58
03592 - 27 33 49 54 78
03593 - 27 33 49 55 58
03594 - 27 33 49 55 78
03595 - 27 33 49 58 78
03596 - 27 33 51 54 55
03597 - 27 33 51 54 58
03598 - 27 33 51 54 78
03599 - 27 33 51 55 58
03600 - 27 33 51 55 78
03601 - 27 33 51 58 78
03602 - 27 33 52 54 61
03603 - 27 33 52 54 68
03604 - 27 33 52 54 69
03605 - 27 33 52 61 68
03606 - 27 33 52 61 69
03607 - 27 33 52 68 69
03608 - 27 33 54 55 58
03609 - 27 33 54 55 78
03610 - 27 33 54 58 78
03611 - 27 33 54 61 68
03612 - 27 33 54 61 69
03613 - 27 33 54 68 69
03614 - 27 33 55 58 78
03615 - 27 33 61 68 69
03616 - 27 43 45 58 59
03617 - 27 43 45 58 62
03618 - 27 43 45 58 71
03619 - 27 43 45 58 74
03620 - 27 43 45 59 62
03621 - 27 43 45 59 71
03622 - 27 43 45 59 74
03623 - 27 43 45 62 71
03624 - 27 43 45 62 74
03625 - 27 43 45 71 74
03626 - 27 43 58 59 62
03627 - 27 43 58 59 71
03628 - 27 43 58 59 74
03629 - 27 43 58 62 71
03630 - 27 43 58 62 74
03631 - 27 43 58 71 74
03632 - 27 43 59 62 71
03633 - 27 43 59 62 74
03634 - 27 43 59 71 74
03635 - 27 43 62 71 74
03636 - 27 45 58 59 62
03637 - 27 45 58 59 71
03638 - 27 45 58 59 74
03639 - 27 45 58 62 71
03640 - 27 45 58 62 74
03641 - 27 45 58 71 74
03642 - 27 45 59 62 71
03643 - 27 45 59 62 74
03644 - 27 45 59 71 74
03645 - 27 45 62 71 74
03646 - 27 49 51 54 55
03647 - 27 49 51 54 58
03648 - 27 49 51 54 78
03649 - 27 49 51 55 58
03650 - 27 49 51 55 78
03651 - 27 49 51 58 78
03652 - 27 49 54 55 58
03653 - 27 49 54 55 78
03654 - 27 49 54 58 78
03655 - 27 49 55 58 78
03656 - 27 51 54 55 58
03657 - 27 51 54 55 78
03658 - 27 51 54 58 78
03659 - 27 51 55 58 78
03660 - 27 52 54 61 68
03661 - 27 52 54 61 69
03662 - 27 52 54 68 69
03663 - 27 52 61 68 69
03664 - 27 54 55 58 78
03665 - 27 54 61 68 69
03666 - 27 58 59 62 71
03667 - 27 58 59 62 74
03668 - 27 58 59 71 74
03669 - 27 58 62 71 74
03670 - 27 59 62 71 74
03671 - 28 37 53 56 61
03672 - 28 37 53 56 62
03673 - 28 37 53 56 65
03674 - 28 37 53 56 68
03675 - 28 37 53 61 62
03676 - 28 37 53 61 65
03677 - 28 37 53 61 68
03678 - 28 37 53 62 65
03679 - 28 37 53 62 68
03680 - 28 37 53 65 68
03681 - 28 37 56 61 62
03682 - 28 37 56 61 65
03683 - 28 37 56 61 68
03684 - 28 37 56 62 65
03685 - 28 37 56 62 68
03686 - 28 37 56 65 68
03687 - 28 37 61 62 65
03688 - 28 37 61 62 68
03689 - 28 37 61 65 68
03690 - 28 37 62 65 68
03691 - 28 53 56 61 62
03692 - 28 53 56 61 65
03693 - 28 53 56 61 68
03694 - 28 53 56 62 65
03695 - 28 53 56 62 68
03696 - 28 53 56 65 68
03697 - 28 53 61 62 65
03698 - 28 53 61 62 68
03699 - 28 53 61 65 68
03700 - 28 53 62 65 68
03701 - 28 56 61 62 65
03702 - 28 56 61 62 68
03703 - 28 56 61 65 68
03704 - 28 56 62 65 68
03705 - 28 61 62 65 68
03706 - 29 33 34 62 66
03707 - 29 33 34 62 67
03708 - 29 33 34 62 74
03709 - 29 33 34 62 77
03710 - 29 33 34 66 67
03711 - 29 33 34 66 74
03712 - 29 33 34 66 77
03713 - 29 33 34 67 74
03714 - 29 33 34 67 77
03715 - 29 33 34 74 77
03716 - 29 33 62 66 67
03717 - 29 33 62 66 74
03718 - 29 33 62 66 77
03719 - 29 33 62 67 74
03720 - 29 33 62 67 77
03721 - 29 33 62 74 77
03722 - 29 33 66 67 74
03723 - 29 33 66 67 77
03724 - 29 33 66 74 77
03725 - 29 33 67 74 77
03726 - 29 34 62 66 67
03727 - 29 34 62 66 74
03728 - 29 34 62 66 77
03729 - 29 34 62 67 74
03730 - 29 34 62 67 77
03731 - 29 34 62 74 77
03732 - 29 34 66 67 74
03733 - 29 34 66 67 77
03734 - 29 34 66 74 77
03735 - 29 34 67 74 77
03736 - 29 62 66 67 74
03737 - 29 62 66 67 77
03738 - 29 62 66 74 77
03739 - 29 62 67 74 77
03740 - 29 66 67 74 77
03741 - 31 42 55 58 62
03742 - 31 42 55 58 73
03743 - 31 42 55 58 75
03744 - 31 42 55 62 73
03745 - 31 42 55 62 75
03746 - 31 42 55 73 75
03747 - 31 42 58 62 73
03748 - 31 42 58 62 75
03749 - 31 42 58 73 75
03750 - 31 42 62 73 75
03751 - 31 55 58 62 73
03752 - 31 55 58 62 75
03753 - 31 55 58 73 75
03754 - 31 55 62 73 75
03755 - 31 58 62 73 75
03756 - 32 33 43 46 70
03757 - 33 34 45 48 49
03758 - 33 34 45 48 51
03759 - 33 34 45 48 57
03760 - 33 34 45 48 61
03761 - 33 34 45 48 80
03762 - 33 34 45 49 51
03763 - 33 34 45 49 57
03764 - 33 34 45 49 61
03765 - 33 34 45 49 80
03766 - 33 34 45 51 57
03767 - 33 34 45 51 61
03768 - 33 34 45 51 80
03769 - 33 34 45 57 61
03770 - 33 34 45 57 80
03771 - 33 34 45 61 80
03772 - 33 34 48 49 51
03773 - 33 34 48 49 57
03774 - 33 34 48 49 61
03775 - 33 34 48 49 80
03776 - 33 34 48 51 57
03777 - 33 34 48 51 61
03778 - 33 34 48 51 80
03779 - 33 34 48 57 61
03780 - 33 34 48 57 80
03781 - 33 34 48 61 80
03782 - 33 34 49 51 57
03783 - 33 34 49 51 61
03784 - 33 34 49 51 80
03785 - 33 34 49 57 61
03786 - 33 34 49 57 80
03787 - 33 34 49 61 80
03788 - 33 34 51 57 61
03789 - 33 34 51 57 80
03790 - 33 34 51 61 80
03791 - 33 34 57 61 80
03792 - 33 34 62 66 67
03793 - 33 34 62 66 74
03794 - 33 34 62 66 77
03795 - 33 34 62 67 74
03796 - 33 34 62 67 77
03797 - 33 34 62 74 77
03798 - 33 34 66 67 74
03799 - 33 34 66 67 77
03800 - 33 34 66 74 77
03801 - 33 34 67 74 77
03802 - 33 35 46 52 59
03803 - 33 35 46 52 79
03804 - 33 35 46 59 79
03805 - 33 35 52 59 79
03806 - 33 45 48 49 51
03807 - 33 45 48 49 57
03808 - 33 45 48 49 61
03809 - 33 45 48 49 80
03810 - 33 45 48 51 57
03811 - 33 45 48 51 61
03812 - 33 45 48 51 80
03813 - 33 45 48 57 61
03814 - 33 45 48 57 80
03815 - 33 45 48 61 80
03816 - 33 45 49 51 57
03817 - 33 45 49 51 61
03818 - 33 45 49 51 80
03819 - 33 45 49 57 61
03820 - 33 45 49 57 80
03821 - 33 45 49 61 80
03822 - 33 45 51 57 61
03823 - 33 45 51 57 80
03824 - 33 45 51 61 80
03825 - 33 45 57 61 80
03826 - 33 46 52 59 79
03827 - 33 48 49 51 57
03828 - 33 48 49 51 61
03829 - 33 48 49 51 80
03830 - 33 48 49 57 61
03831 - 33 48 49 57 80
03832 - 33 48 49 61 80
03833 - 33 48 51 57 61
03834 - 33 48 51 57 80
03835 - 33 48 51 61 80
03836 - 33 48 57 61 80
03837 - 33 49 51 54 55
03838 - 33 49 51 54 58
03839 - 33 49 51 54 78
03840 - 33 49 51 55 58
03841 - 33 49 51 55 78
03842 - 33 49 51 57 61
03843 - 33 49 51 57 80
03844 - 33 49 51 58 78
03845 - 33 49 51 61 80
03846 - 33 49 54 55 58
03847 - 33 49 54 55 78
03848 - 33 49 54 58 78
03849 - 33 49 55 58 78
03850 - 33 49 57 61 80
03851 - 33 51 54 55 58
03852 - 33 51 54 55 78
03853 - 33 51 54 58 78
03854 - 33 51 55 58 78
03855 - 33 51 57 61 80
03856 - 33 52 54 61 68
03857 - 33 52 54 61 69
03858 - 33 52 54 68 69
03859 - 33 52 61 68 69
03860 - 33 54 55 58 78
03861 - 33 54 61 68 69
03862 - 33 62 66 67 74
03863 - 33 62 66 67 77
03864 - 33 62 66 74 77
03865 - 33 62 67 74 77
03866 - 33 66 67 74 77
03867 - 34 45 48 49 51
03868 - 34 45 48 49 57
03869 - 34 45 48 49 61
03870 - 34 45 48 49 80
03871 - 34 45 48 51 57
03872 - 34 45 48 51 61
03873 - 34 45 48 51 80
03874 - 34 45 48 57 61
03875 - 34 45 48 57 80
03876 - 34 45 48 61 80
03877 - 34 45 49 51 57
03878 - 34 45 49 51 61
03879 - 34 45 49 51 80
03880 - 34 45 49 57 61
03881 - 34 45 49 57 80
03882 - 34 45 49 61 80
03883 - 34 45 51 57 61
03884 - 34 45 51 57 80
03885 - 34 45 51 61 80
03886 - 34 45 57 61 80
03887 - 34 48 49 51 57
03888 - 34 48 49 51 61
03889 - 34 48 49 51 80
03890 - 34 48 49 57 61
03891 - 34 48 49 57 80
03892 - 34 48 49 61 80
03893 - 34 48 51 57 61
03894 - 34 48 51 57 80
03895 - 34 48 51 61 80
03896 - 34 48 57 61 80
03897 - 34 49 51 57 61
03898 - 34 49 51 57 80
03899 - 34 49 51 61 80
03900 - 34 49 57 61 80
03901 - 34 51 57 61 80
03902 - 34 62 66 67 74
03903 - 34 62 66 67 77
03904 - 34 62 66 74 77
03905 - 34 62 67 74 77
03906 - 34 66 67 74 77
03907 - 35 37 47 55 67
03908 - 35 37 47 55 71
03909 - 35 37 47 55 79
03910 - 35 37 47 67 71
03911 - 35 37 47 67 79
03912 - 35 37 47 71 79
03913 - 35 37 55 67 71
03914 - 35 37 55 67 79
03915 - 35 37 55 71 79
03916 - 35 37 67 71 79
03917 - 35 46 52 59 79
03918 - 35 47 55 67 71
03919 - 35 47 55 67 79
03920 - 35 47 55 71 79
03921 - 35 47 67 71 79
03922 - 35 55 67 71 79
03923 - 37 47 55 67 71
03924 - 37 47 55 67 79
03925 - 37 47 55 71 79
03926 - 37 47 67 71 79
03927 - 37 53 56 61 62
03928 - 37 53 56 61 65
03929 - 37 53 56 61 68
03930 - 37 53 56 62 65
03931 - 37 53 56 62 68
03932 - 37 53 56 65 68
03933 - 37 53 61 62 65
03934 - 37 53 61 62 68
03935 - 37 53 61 65 68
03936 - 37 53 62 65 68
03937 - 37 55 67 71 79
03938 - 37 56 61 62 65
03939 - 37 56 61 62 68
03940 - 37 56 61 65 68
03941 - 37 56 62 65 68
03942 - 37 61 62 65 68
03943 - 38 46 47 54 64
03944 - 38 46 47 54 70
03945 - 38 46 47 54 78
03946 - 38 46 47 64 70
03947 - 38 46 47 64 78
03948 - 38 46 47 70 78
03949 - 38 46 54 64 70
03950 - 38 46 54 64 78
03951 - 38 46 54 70 78
03952 - 38 46 64 70 78
03953 - 38 47 54 64 70
03954 - 38 47 54 64 78
03955 - 38 47 54 70 78
03956 - 38 47 64 70 78
03957 - 38 54 64 70 78
03958 - 42 55 58 62 73
03959 - 42 55 58 62 75
03960 - 42 55 58 73 75
03961 - 42 55 62 73 75
03962 - 42 58 62 73 75
03963 - 43 45 58 59 62
03964 - 43 45 58 59 71
03965 - 43 45 58 59 74
03966 - 43 45 58 62 71
03967 - 43 45 58 62 74
03968 - 43 45 58 71 74
03969 - 43 45 59 62 71
03970 - 43 45 59 62 74
03971 - 43 45 59 71 74
03972 - 43 45 62 71 74
03973 - 43 58 59 62 71
03974 - 43 58 59 62 74
03975 - 43 58 59 71 74
03976 - 43 58 62 71 74
03977 - 43 59 62 71 74
03978 - 45 48 49 51 57
03979 - 45 48 49 51 61
03980 - 45 48 49 51 80
03981 - 45 48 49 57 61
03982 - 45 48 49 57 80
03983 - 45 48 49 61 80
03984 - 45 48 51 57 61
03985 - 45 48 51 57 80
03986 - 45 48 51 61 80
03987 - 45 48 57 61 80
03988 - 45 49 51 57 61
03989 - 45 49 51 57 80
03990 - 45 49 51 61 80
03991 - 45 49 57 61 80
03992 - 45 51 57 61 80
03993 - 45 56 61 62 76
03994 - 45 56 61 62 78
03995 - 45 56 61 76 78
03996 - 45 56 62 76 78
03997 - 45 58 59 62 71
03998 - 45 58 59 62 74
03999 - 45 58 59 71 74
04000 - 45 58 62 71 74
04001 - 45 59 62 71 74
04002 - 45 61 62 76 78
04003 - 46 47 54 64 70
04004 - 46 47 54 64 78
04005 - 46 47 54 70 78
04006 - 46 47 64 70 78
04007 - 46 54 64 70 78
04008 - 47 54 64 70 78
04009 - 47 55 67 71 79
04010 - 48 49 51 57 61
04011 - 48 49 51 57 80
04012 - 48 49 51 61 80
04013 - 48 49 57 61 80
04014 - 48 51 57 61 80
04015 - 49 51 54 55 58
04016 - 49 51 54 55 78
04017 - 49 51 54 58 78
04018 - 49 51 55 58 78
04019 - 49 51 57 61 80
04020 - 49 54 55 58 78
04021 - 51 54 55 58 78
04022 - 52 54 61 68 69
04023 - 53 56 61 62 65
04024 - 53 56 61 62 68
04025 - 53 56 61 65 68
04026 - 53 56 62 65 68
04027 - 53 61 62 65 68
04028 - 55 58 62 73 75
04029 - 56 61 62 65 68
04030 - 56 61 62 76 78
04031 - 58 59 62 71 74
04032 - 62 66 67 74 77
