00001 - 01 02 03 04 05 06 07 09 11 12 13 15 16 17 18 20 21 25
00002 - 01 02 04 05 06 09 10 12 13 14 15 16 17 18 19 21 22 24
00003 - 01 02 03 08 09 10 11 13 16 17 18 20 21 23 24 25
00004 - 01 02 04 06 07 08 10 11 16 17 18 19 20 21 23 24
00005 - 01 03 04 06 07 08 09 10 12 14 16 19 21 22 23 25
00006 - 01 03 04 06 08 09 10 12 14 15 16 17 19 23 24 25
00007 - 01 05 06 07 08 10 12 13 14 15 16 18 19 20 23 24
00008 - 01 05 06 11 12 13 14 15 16 18 19 20 22 23 24 25
00009 - 02 03 05 06 08 09 10 11 15 17 19 20 22 23 24 25
00010 - 02 03 05 09 11 12 15 16 18 19 20 21 22 23 24 25
00011 - 03 04 05 06 08 09 11 13 14 15 16 17 18 23 24 25
00012 - 04 05 07 09 12 13 14 15 16 17 18 21 22 23 24 25