00001 - 03 05 07 11 77
00002 - 03 05 08 77 78
00003 - 03 05 15 19 23
00004 - 03 05 19 69 79
00005 - 03 05 24 38 46
00006 - 03 05 28 42 49
00007 - 03 05 31 33 43
00008 - 03 05 61 69 76
00009 - 03 05 62 67 73
00010 - 03 05 66 68 75
00011 - 03 07 08 11 75
00012 - 03 07 15 46 75
00013 - 03 07 19 78 79
00014 - 03 07 23 28 75
00015 - 03 07 23 43 62
00016 - 03 07 24 69 73
00017 - 03 07 31 38 42
00018 - 03 07 33 68 76
00019 - 03 07 49 66 67
00020 - 03 07 61 62 69
00021 - 03 08 11 28 62
00022 - 03 08 11 49 68
00023 - 03 08 15 24 42
00024 - 03 08 19 23 73
00025 - 03 08 19 66 76
00026 - 03 08 31 61 77
00027 - 03 08 33 69 78
00028 - 03 08 38 49 79
00029 - 03 08 43 46 67
00030 - 03 11 15 31 73
00031 - 03 11 19 24 68
00032 - 03 11 23 42 76
00033 - 03 11 23 76 78
00034 - 03 11 33 46 79
00035 - 03 11 38 61 67
00036 - 03 11 43 66 69
00037 - 03 15 24 67 79
00038 - 03 15 28 33 66
00039 - 03 15 33 49 78
00040 - 03 15 38 43 76
00041 - 03 15 49 69 77
00042 - 03 15 61 62 68
00043 - 03 15 66 75 78
00044 - 03 19 28 61 79
00045 - 03 19 31 46 69
00046 - 03 19 33 67 77
00047 - 03 19 38 43 78
00048 - 03 19 38 49 62
00049 - 03 19 42 43 75
00050 - 03 23 24 33 61
00051 - 03 23 31 46 49
00052 - 03 23 31 68 79
00053 - 03 23 38 66 77
00054 - 03 23 67 69 75
00055 - 03 24 28 43 77
00056 - 03 24 31 62 66
00057 - 03 24 42 67 78
00058 - 03 24 49 75 76
00059 - 03 28 31 67 76
00060 - 03 28 38 68 69
00061 - 03 28 46 73 78
00062 - 03 31 61 75 78
00063 - 03 31 62 68 78
00064 - 03 33 38 73 75
00065 - 03 33 42 62 69
00066 - 03 42 46 61 66
00067 - 03 42 66 73 79
00068 - 03 42 68 73 77
00069 - 03 43 46 67 68
00070 - 03 43 49 61 73
00071 - 03 43 73 76 79
00072 - 03 46 62 76 77
00073 - 03 62 75 77 79
00074 - 05 07 08 23 69
00075 - 05 07 15 33 73
00076 - 05 07 19 24 75
00077 - 05 07 28 68 79
00078 - 05 07 31 66 76
00079 - 05 07 38 43 49
00080 - 05 07 42 62 78
00081 - 05 07 46 61 67
00082 - 05 08 11 31 38
00083 - 05 08 15 28 66
00084 - 05 08 19 31 67
00085 - 05 08 19 33 68
00086 - 05 08 24 43 61
00087 - 05 08 42 62 68
00088 - 05 08 46 61 78
00089 - 05 08 49 73 76
00090 - 05 08 75 78 79
00091 - 05 11 15 42 61
00092 - 05 11 19 43 67
00093 - 05 11 23 38 68
00094 - 05 11 24 62 76
00095 - 05 11 24 66 78
00096 - 05 11 28 31 46
00097 - 05 11 33 69 75
00098 - 05 11 49 73 79
00099 - 05 15 24 43 69
00100 - 05 15 28 38 62
00101 - 05 15 31 49 75
00102 - 05 15 38 78 79
00103 - 05 15 46 66 77
00104 - 05 15 67 68 76
00105 - 05 19 28 31 78
00106 - 05 19 31 38 61
00107 - 05 19 42 46 73
00108 - 05 19 49 76 77
00109 - 05 19 62 66 69
00110 - 05 23 24 49 67
00111 - 05 23 28 69 78
00112 - 05 23 31 62 77
00113 - 05 23 33 46 76
00114 - 05 23 42 43 66
00115 - 05 23 43 62 79
00116 - 05 23 61 73 75
00117 - 05 24 28 42 79
00118 - 05 24 31 68 73
00119 - 05 24 33 42 77
00120 - 05 28 33 38 61
00121 - 05 28 43 73 76
00122 - 05 28 67 75 77
00123 - 05 31 42 67 69
00124 - 05 31 76 78 79
00125 - 05 33 38 67 78
00126 - 05 33 49 61 62
00127 - 05 33 66 67 79
00128 - 05 38 42 75 76
00129 - 05 38 61 66 68
00130 - 05 38 69 73 77
00131 - 05 43 46 62 75
00132 - 05 43 68 77 78
00133 - 05 46 49 68 69
00134 - 05 46 61 77 79
00135 - 05 49 66 73 78
00136 - 07 08 11 24 33
00137 - 07 08 15 62 76
00138 - 07 08 19 28 61
00139 - 07 08 24 33 66
00140 - 07 08 31 43 79
00141 - 07 08 38 46 79
00142 - 07 08 42 67 73
00143 - 07 08 49 75 77
00144 - 07 08 66 68 78
00145 - 07 11 15 43 68
00146 - 07 11 19 46 62
00147 - 07 11 19 61 78
00148 - 07 11 23 31 67
00149 - 07 11 24 66 79
00150 - 07 11 28 38 73
00151 - 07 11 42 49 69
00152 - 07 11 61 75 76
00153 - 07 15 19 42 66
00154 - 07 15 23 49 61
00155 - 07 15 24 28 31
00156 - 07 15 24 73 78
00157 - 07 15 38 67 77
00158 - 07 15 69 76 79
00159 - 07 19 23 38 76
00160 - 07 19 31 33 49
00161 - 07 19 43 73 77
00162 - 07 19 67 68 69
00163 - 07 23 24 42 46
00164 - 07 23 31 43 78
00165 - 07 23 33 77 79
00166 - 07 23 66 68 73
00167 - 07 24 38 61 68
00168 - 07 24 43 67 76
00169 - 07 24 49 62 77
00170 - 07 28 33 62 67
00171 - 07 28 42 76 77
00172 - 07 28 43 46 66
00173 - 07 28 49 76 78
00174 - 07 28 67 69 78
00175 - 07 31 43 69 75
00176 - 07 31 46 68 77
00177 - 07 31 61 62 73
00178 - 07 33 38 46 69
00179 - 07 33 42 43 61
00180 - 07 33 75 77 78
00181 - 07 38 43 61 79
00182 - 07 38 46 75 78
00183 - 07 38 62 66 75
00184 - 07 42 68 75 79
00185 - 07 46 49 73 76
00186 - 07 49 62 68 79
00187 - 07 61 66 69 77
00188 - 07 67 73 75 79
00189 - 08 11 15 19 69
00190 - 08 11 23 42 79
00191 - 08 11 33 66 73
00192 - 08 11 43 73 78
00193 - 08 11 46 49 66
00194 - 08 11 61 68 79
00195 - 08 11 67 76 77
00196 - 08 15 23 43 75
00197 - 08 15 31 46 78
00198 - 08 15 33 49 79
00199 - 08 15 38 61 73
00200 - 08 15 61 66 77
00201 - 08 15 67 68 78
00202 - 08 19 23 33 62
00203 - 08 19 24 75 78
00204 - 08 19 38 43 68
00205 - 08 19 42 77 79
00206 - 08 19 46 62 73
00207 - 08 19 49 77 78
00208 - 08 23 24 38 77
00209 - 08 23 28 42 78
00210 - 08 23 31 66 75
00211 - 08 23 33 46 75
00212 - 08 23 43 68 76
00213 - 08 23 49 61 67
00214 - 08 24 28 46 68
00215 - 08 24 31 38 76
00216 - 08 24 49 69 78
00217 - 08 24 62 67 75
00218 - 08 24 62 73 79
00219 - 08 28 31 49 68
00220 - 08 28 33 43 77
00221 - 08 28 38 73 75
00222 - 08 28 67 69 79
00223 - 08 28 68 75 76
00224 - 08 31 33 42 73
00225 - 08 31 38 62 69
00226 - 08 33 38 66 67
00227 - 08 33 61 76 78
00228 - 08 38 42 49 78
00229 - 08 42 43 66 69
00230 - 08 42 46 69 76
00231 - 08 42 61 69 75
00232 - 08 43 49 61 62
00233 - 08 46 62 77 78
00234 - 08 62 66 76 79
00235 - 08 68 69 73 77
00236 - 11 15 19 28 76
00237 - 11 15 23 46 69
00238 - 11 15 24 38 49
00239 - 11 15 33 62 77
00240 - 11 15 42 77 78
00241 - 11 15 43 77 79
00242 - 11 15 66 67 75
00243 - 11 19 23 49 75
00244 - 11 19 31 66 77
00245 - 11 19 33 38 42
00246 - 11 19 61 69 73
00247 - 11 19 75 76 79
00248 - 11 23 24 73 77
00249 - 11 23 28 33 43
00250 - 11 23 61 62 66
00251 - 11 24 28 67 69
00252 - 11 24 31 42 75
00253 - 11 24 43 46 61
00254 - 11 28 31 62 79
00255 - 11 28 42 66 68
00256 - 11 28 49 61 77
00257 - 11 28 62 75 78
00258 - 11 31 33 61 68
00259 - 11 31 38 69 78
00260 - 11 31 43 49 76
00261 - 11 33 46 49 78
00262 - 11 33 67 73 76
00263 - 11 38 43 75 77
00264 - 11 38 46 66 76
00265 - 11 38 62 69 79
00266 - 11 42 43 62 73
00267 - 11 42 46 67 77
00268 - 11 46 68 73 75
00269 - 11 49 62 67 68
00270 - 11 67 68 78 79
00271 - 11 68 69 76 77
00272 - 15 19 23 78 79
00273 - 15 19 24 61 77
00274 - 15 19 31 62 67
00275 - 15 19 33 43 46
00276 - 15 19 38 69 75
00277 - 15 19 49 68 73
00278 - 15 23 24 66 76
00279 - 15 23 28 68 77
00280 - 15 23 31 33 38
00281 - 15 23 42 62 75
00282 - 15 23 43 67 73
00283 - 15 24 33 68 75
00284 - 15 24 46 62 73
00285 - 15 28 42 69 73
00286 - 15 28 43 61 78
00287 - 15 28 46 49 67
00288 - 15 28 61 75 79
00289 - 15 31 42 43 77
00290 - 15 31 42 67 79
00291 - 15 31 46 61 76
00292 - 15 31 66 68 69
00293 - 15 33 42 49 76
00294 - 15 33 61 67 69
00295 - 15 38 42 46 68
00296 - 15 38 66 73 79
00297 - 15 43 49 62 66
00298 - 15 46 62 68 79
00299 - 15 62 69 76 78
00300 - 15 73 75 76 77
00301 - 19 23 24 31 43
00302 - 19 23 28 66 67
00303 - 19 23 42 69 77
00304 - 19 23 46 61 68
00305 - 19 24 28 42 62
00306 - 19 24 33 69 76
00307 - 19 24 38 49 66
00308 - 19 24 38 67 73
00309 - 19 24 46 49 79
00310 - 19 28 31 73 75
00311 - 19 28 33 68 78
00312 - 19 28 38 46 77
00313 - 19 28 43 49 69
00314 - 19 31 33 73 79
00315 - 19 31 42 68 76
00316 - 19 33 61 66 75
00317 - 19 38 42 78 79
00318 - 19 42 49 61 67
00319 - 19 43 61 62 76
00320 - 19 43 66 68 79
00321 - 19 46 66 69 78
00322 - 19 46 67 75 76
00323 - 19 62 67 78 79
00324 - 19 62 68 75 77
00325 - 19 66 73 76 78
00326 - 23 24 28 38 78
00327 - 23 24 38 75 79
00328 - 23 24 46 66 78
00329 - 23 24 62 68 69
00330 - 23 28 31 42 61
00331 - 23 28 46 73 79
00332 - 23 28 49 62 76
00333 - 23 31 69 73 76
00334 - 23 31 75 76 77
00335 - 23 33 42 67 68
00336 - 23 33 49 66 69
00337 - 23 33 62 73 78
00338 - 23 38 42 49 73
00339 - 23 38 43 61 69
00340 - 23 38 46 62 67
00341 - 23 43 46 49 77
00342 - 23 49 66 69 79
00343 - 23 49 68 75 78
00344 - 23 61 67 76 79
00345 - 23 61 67 77 78
00346 - 24 28 33 49 73
00347 - 24 28 46 75 76
00348 - 24 28 61 66 76
00349 - 24 31 33 46 67
00350 - 24 31 49 77 78
00351 - 24 31 61 69 79
00352 - 24 33 38 43 62
00353 - 24 33 43 78 79
00354 - 24 38 42 66 69
00355 - 24 42 43 49 68
00356 - 24 42 61 73 76
00357 - 24 43 66 73 75
00358 - 24 46 68 76 78
00359 - 24 46 69 75 77
00360 - 24 49 61 62 78
00361 - 24 61 62 67 75
00362 - 24 66 67 68 77
00363 - 24 68 76 77 79
00364 - 28 31 33 69 77
00365 - 28 31 38 49 66
00366 - 28 31 43 62 68
00367 - 28 33 38 76 79
00368 - 28 33 42 46 75
00369 - 28 38 42 43 67
00370 - 28 43 49 75 79
00371 - 28 46 61 62 69
00372 - 28 61 67 68 73
00373 - 28 62 66 73 77
00374 - 28 66 69 75 76
00375 - 28 66 77 78 79
00376 - 31 33 42 66 78
00377 - 31 33 62 75 76
00378 - 31 38 43 46 73
00379 - 31 38 67 68 75
00380 - 31 38 67 77 79
00381 - 31 42 46 49 62
00382 - 31 43 61 66 67
00383 - 31 46 66 75 79
00384 - 31 49 61 69 79
00385 - 31 49 67 73 77
00386 - 31 66 67 73 78
00387 - 33 38 49 68 77
00388 - 33 42 61 62 79
00389 - 33 43 49 67 75
00390 - 33 43 66 76 77
00391 - 33 43 68 69 73
00392 - 33 46 61 73 77
00393 - 33 46 62 66 68
00394 - 33 68 69 75 79
00395 - 38 42 61 62 77
00396 - 38 43 62 66 78
00397 - 38 46 49 61 75
00398 - 38 49 67 69 76
00399 - 38 61 76 77 78
00400 - 38 62 68 73 76
00401 - 38 68 73 78 79
00402 - 42 43 46 69 79
00403 - 42 43 46 76 78
00404 - 42 49 66 75 77
00405 - 42 49 76 77 79
00406 - 42 61 68 69 78
00407 - 42 62 66 67 76
00408 - 42 67 73 75 78
00409 - 43 49 67 78 79
00410 - 43 61 68 75 77
00411 - 43 62 67 69 77
00412 - 43 69 75 76 78
00413 - 46 66 67 69 73
00414 - 46 67 76 78 79
00415 - 49 61 66 68 76
00416 - 49 62 69 73 75
00417 - 61 66 73 78 79
00418 - 69 73 77 78 79