00001 - 06 07 08 57 71
00002 - 07 11 14 58 73
00003 - 06 07 09 25 30
00004 - 06 07 10 36 73
00005 - 06 07 35 65 73
00006 - 06 07 37 73 74
00007 - 06 08 09 35 36
00008 - 06 08 10 30 74
00009 - 06 08 25 36 73
00010 - 06 08 25 57 65
00011 - 06 08 30 37 73
00012 - 06 09 10 65 74
00013 - 06 09 37 65 71
00014 - 06 09 57 71 73
00015 - 06 10 25 35 71
00016 - 06 10 36 37 57
00017 - 06 25 37 71 74
00018 - 06 30 35 57 74
00019 - 06 30 36 65 71
00020 - 06 35 36 37 74
00021 - 07 08 09 37 74
00022 - 07 08 10 25 37
00023 - 07 08 30 35 36
00024 - 07 08 65 71 73
00025 - 07 09 10 36 71
00026 - 07 09 30 57 65
00027 - 07 09 35 37 73
00028 - 07 10 30 37 65
00029 - 07 10 35 57 74
00030 - 07 25 30 57 73
00031 - 07 25 35 36 71
00032 - 07 25 36 65 74
00033 - 07 30 36 37 57
00034 - 07 30 37 71 74
00035 - 08 09 10 57 73
00036 - 08 09 25 30 71
00037 - 08 09 36 37 65
00038 - 08 10 30 57 71
00039 - 08 10 35 36 65
00040 - 08 25 35 73 74
00041 - 08 30 65 73 74
00042 - 08 35 37 57 71
00043 - 08 36 57 71 74
00044 - 09 10 25 65 73
00045 - 09 10 30 35 37
00046 - 09 25 35 57 74
00047 - 09 25 36 37 57
00048 - 09 30 36 73 74
00049 - 09 35 65 71 74
00050 - 10 25 30 36 74
00051 - 10 25 57 65 71
00052 - 10 30 35 71 73
00053 - 10 37 71 73 74
00054 - 25 30 35 37 65
00055 - 25 36 37 71 73
00056 - 35 36 57 65 73
00057 - 37 57 65 73 74
00058 - 07 11 16 28 31
00059 - 07 11 18 47 76
00060 - 07 11 39 69 76
00061 - 07 11 54 76 79
00062 - 07 14 16 39 47
00063 - 07 14 18 31 79
00064 - 07 14 28 47 76
00065 - 07 14 28 58 69
00066 - 07 14 31 54 76
00067 - 07 16 18 69 79
00068 - 07 16 54 69 73
00069 - 07 16 58 73 76
00070 - 07 18 28 39 73
00071 - 07 18 47 54 58
00072 - 07 28 54 73 79
00073 - 07 31 39 58 79
00074 - 07 31 47 69 73
00075 - 07 39 47 54 79
00076 - 11 14 16 54 79
00077 - 11 14 18 28 54
00078 - 11 14 31 39 47
00079 - 11 14 69 73 76
00080 - 11 16 18 47 73
00081 - 11 16 31 58 69
00082 - 11 16 39 54 76
00083 - 11 18 31 54 69
00084 - 11 18 39 58 79
00085 - 11 28 31 58 76
00086 - 11 28 39 47 73
00087 - 11 28 47 69 79
00088 - 11 31 47 54 58
00089 - 11 31 54 73 79
00090 - 14 16 18 58 76
00091 - 14 16 28 31 73
00092 - 14 16 47 54 69
00093 - 14 18 31 58 73
00094 - 14 18 39 47 69
00095 - 14 28 39 76 79
00096 - 14 31 69 76 79
00097 - 14 39 54 58 73
00098 - 14 47 58 73 79
00099 - 16 18 28 69 76
00100 - 16 18 31 39 54
00101 - 16 28 39 58 79
00102 - 16 28 47 54 58
00103 - 16 31 47 76 79
00104 - 16 39 69 73 79
00105 - 18 28 31 47 79
00106 - 18 28 58 69 73
00107 - 18 31 39 73 76
00108 - 18 54 73 76 79
00109 - 28 31 39 54 69
00110 - 28 47 54 73 76
00111 - 39 47 58 69 76
00112 - 54 58 69 76 79