00001 - 03 08 22 56 64
00002 - 14 19 20 62 70
00003 - 03 08 24 35 36
00004 - 03 08 34 49 73
00005 - 03 08 38 59 73
00006 - 03 08 50 73 74
00007 - 03 22 24 38 49
00008 - 03 22 34 36 74
00009 - 03 22 35 49 73
00010 - 03 22 35 56 59
00011 - 03 22 36 50 73
00012 - 03 24 34 59 74
00013 - 03 24 50 59 64
00014 - 03 24 56 64 73
00015 - 03 34 35 38 64
00016 - 03 34 49 50 56
00017 - 03 35 50 64 74
00018 - 03 36 38 56 74
00019 - 03 36 49 59 64
00020 - 03 38 49 50 74
00021 - 08 22 24 50 74
00022 - 08 22 34 35 50
00023 - 08 22 36 38 49
00024 - 08 22 59 64 73
00025 - 08 24 34 49 64
00026 - 08 24 36 56 59
00027 - 08 24 38 50 73
00028 - 08 34 36 50 59
00029 - 08 34 38 56 74
00030 - 08 35 36 56 73
00031 - 08 35 38 49 64
00032 - 08 35 49 59 74
00033 - 08 36 49 50 56
00034 - 08 36 50 64 74
00035 - 22 24 34 56 73
00036 - 22 24 35 36 64
00037 - 22 24 49 50 59
00038 - 22 34 36 56 64
00039 - 22 34 38 49 59
00040 - 22 35 38 73 74
00041 - 22 36 59 73 74
00042 - 22 38 50 56 64
00043 - 22 49 56 64 74
00044 - 24 34 35 59 73
00045 - 24 34 36 38 50
00046 - 24 35 38 56 74
00047 - 24 35 49 50 56
00048 - 24 36 49 73 74
00049 - 24 38 59 64 74
00050 - 34 35 36 49 74
00051 - 34 35 56 59 64
00052 - 34 36 38 64 73
00053 - 34 50 64 73 74
00054 - 35 36 38 50 59
00055 - 35 49 50 64 73
00056 - 38 49 56 59 73
00057 - 50 56 59 73 74
00058 - 14 19 30 42 45
00059 - 14 19 38 58 74
00060 - 14 19 47 68 74
00061 - 14 19 59 74 75
00062 - 14 20 30 47 58
00063 - 14 20 38 45 75
00064 - 14 20 42 58 74
00065 - 14 20 42 62 68
00066 - 14 20 45 59 74
00067 - 14 30 38 68 75
00068 - 14 30 59 68 70
00069 - 14 30 62 70 74
00070 - 14 38 42 47 70
00071 - 14 38 58 59 62
00072 - 14 42 59 70 75
00073 - 14 45 47 62 75
00074 - 14 45 58 68 70
00075 - 14 47 58 59 75
00076 - 19 20 30 59 75
00077 - 19 20 38 42 59
00078 - 19 20 45 47 58
00079 - 19 20 68 70 74
00080 - 19 30 38 58 70
00081 - 19 30 45 62 68
00082 - 19 30 47 59 74
00083 - 19 38 45 59 68
00084 - 19 38 47 62 75
00085 - 19 42 45 62 74
00086 - 19 42 47 58 70
00087 - 19 42 58 68 75
00088 - 19 45 58 59 62
00089 - 19 45 59 70 75
00090 - 20 30 38 62 74
00091 - 20 30 42 45 70
00092 - 20 30 58 59 68
00093 - 20 38 45 62 70
00094 - 20 38 47 58 68
00095 - 20 42 47 74 75
00096 - 20 45 68 74 75
00097 - 20 47 59 62 70
00098 - 20 58 62 70 75
00099 - 30 38 42 68 74
00100 - 30 38 45 47 59
00101 - 30 42 47 62 75
00102 - 30 42 58 59 62
00103 - 30 45 58 74 75
00104 - 30 47 68 70 75
00105 - 38 42 45 58 75
00106 - 38 42 62 68 70
00107 - 38 45 47 70 74
00108 - 38 59 70 74 75
00109 - 42 45 47 59 68
00110 - 42 58 59 70 74
00111 - 47 58 62 68 74
00112 - 59 62 68 74 75
