00001 - 01 02 03 04 05 06 07 08 10 13 15 16 20 22 25
00002 - 01 02 03 04 05 06 07 08 12 14 15 16 21 24 25
00003 - 01 02 03 04 05 06 07 09 10 12 14 17 18 19 22
00004 - 01 02 03 04 05 06 07 11 14 15 18 20 22 23 24
00005 - 01 02 03 04 05 06 08 09 10 12 14 16 19 20 22
00006 - 01 02 03 04 05 06 08 11 12 14 17 21 22 24 25
00007 - 01 02 03 04 05 06 08 11 13 17 18 20 21 23 25
00008 - 01 02 03 04 05 06 09 12 15 16 17 21 23 24 25
00009 - 01 02 03 04 05 06 10 11 12 13 14 18 21 23 25
00010 - 01 02 03 04 05 07 08 09 14 15 16 17 20 22 23
00011 - 01 02 03 04 05 07 08 10 11 12 14 15 17 21 25
00012 - 01 02 03 04 05 07 08 10 11 12 14 19 23 24 25
00013 - 01 02 03 04 05 07 10 14 15 16 18 20 23 24 25
00014 - 01 02 03 04 05 07 12 13 14 15 17 18 19 20 21
00015 - 01 02 03 04 05 08 09 10 11 12 15 17 18 23 24
00016 - 01 02 03 04 05 08 09 10 14 15 17 19 20 21 24
00017 - 01 02 03 04 05 10 12 13 16 17 18 19 21 23 24
00018 - 01 02 03 04 05 10 13 14 16 17 19 20 22 23 25
00019 - 01 02 03 04 06 07 08 09 12 13 16 17 18 20 23
00020 - 01 02 03 04 06 07 08 09 13 14 15 16 19 21 24
00021 - 01 02 03 04 06 07 08 11 12 17 18 19 21 24 25
00022 - 01 02 03 04 06 07 09 10 11 12 14 15 20 22 25
00023 - 01 02 03 04 06 07 09 13 15 17 19 21 22 23 25
00024 - 01 02 03 04 06 07 10 11 12 15 16 18 20 22 23
00025 - 01 02 03 04 06 07 10 11 13 20 21 22 23 24 25
00026 - 01 02 03 04 06 07 14 15 16 17 18 19 22 23 25
00027 - 01 02 03 04 06 08 09 10 12 13 14 18 19 20 25
00028 - 01 02 03 04 06 08 09 11 14 17 18 20 21 23 25
00029 - 01 02 03 04 06 08 10 11 12 13 15 16 20 21 25
00030 - 01 02 03 04 06 08 11 15 16 17 19 20 21 22 25
00031 - 01 02 03 04 06 09 11 12 13 15 17 19 22 23 24
00032 - 01 02 03 04 07 08 09 10 15 18 19 21 22 23 25
00033 - 01 02 03 04 07 08 09 12 13 15 17 20 21 23 24
00034 - 01 02 03 04 07 08 10 11 12 13 14 16 18 22 25
00035 - 01 02 03 04 07 09 10 12 13 14 18 21 22 24 25
00036 - 01 02 03 04 07 09 11 12 14 15 16 19 20 21 23
00037 - 01 02 03 04 08 10 12 14 16 17 20 22 23 24 25
00038 - 01 02 03 04 09 10 11 16 17 18 19 20 22 23 24
00039 - 01 02 03 04 10 11 12 13 15 17 18 19 21 23 25
00040 - 01 02 03 05 06 07 08 09 10 14 17 18 20 21 22
00041 - 01 02 03 05 06 07 08 09 13 15 17 18 20 21 24
00042 - 01 02 03 05 06 08 09 10 11 16 18 19 23 24 25
00043 - 01 02 03 05 06 08 10 11 13 14 15 18 21 22 24
00044 - 01 02 03 05 06 09 10 11 15 17 20 22 23 24 25
00045 - 01 02 03 05 06 09 12 13 14 16 18 19 21 24 25
00046 - 01 02 03 05 07 08 09 11 12 13 19 21 22 24 25
00047 - 01 02 03 05 07 08 10 12 15 16 17 19 21 22 24
00048 - 01 02 03 05 07 08 13 14 17 18 19 22 23 24 25
00049 - 01 02 03 05 07 09 10 11 14 15 16 18 19 22 25
00050 - 01 02 03 05 07 10 11 12 13 16 17 21 22 23 24
00051 - 01 02 03 05 07 10 13 15 17 18 19 20 22 23 25
00052 - 01 02 03 05 08 09 13 16 17 19 20 21 22 23 25
00053 - 01 02 03 06 07 08 09 10 13 14 15 16 17 24 25
00054 - 01 02 03 06 07 08 09 11 12 14 15 16 17 20 24
00055 - 01 02 03 06 07 08 11 12 17 18 19 20 21 22 23
00056 - 01 02 03 06 07 09 11 12 13 15 16 17 18 20 25
00057 - 01 02 03 06 08 09 10 11 12 14 16 21 22 23 25
00058 - 01 02 03 06 10 12 13 14 15 16 17 19 20 21 23
00059 - 01 02 03 07 08 09 10 11 12 17 19 20 21 23 25
00060 - 01 02 03 07 08 09 10 13 15 16 17 18 19 23 25
00061 - 01 02 03 07 08 10 11 14 16 18 19 20 21 23 24
00062 - 01 02 03 09 10 13 15 16 17 18 20 21 22 24 25
00063 - 01 02 03 11 13 15 16 18 19 20 21 22 23 24 25
00064 - 01 02 04 05 06 07 08 10 11 16 17 18 19 22 25
00065 - 01 02 04 05 06 07 08 14 16 17 19 20 21 24 25
00066 - 01 02 04 05 06 08 09 14 15 16 18 20 21 22 25
00067 - 01 02 04 05 06 09 10 11 13 14 16 17 18 19 24
00068 - 01 02 04 05 06 09 11 12 13 16 17 19 20 21 22
00069 - 01 02 04 05 06 12 13 16 17 18 20 21 22 23 24
00070 - 01 02 04 05 07 08 09 11 13 14 16 19 22 23 24
00071 - 01 02 04 05 07 08 10 11 12 13 16 18 19 21 23
00072 - 01 02 04 05 07 08 10 11 13 14 15 19 20 21 22
00073 - 01 02 04 05 07 09 11 12 13 17 18 19 20 24 25
00074 - 01 02 04 05 08 09 12 13 14 15 20 22 23 24 25
00075 - 01 02 04 05 09 10 11 12 15 16 18 21 22 24 25
00076 - 01 02 04 06 07 08 10 12 13 14 16 17 19 20 24
00077 - 01 02 04 06 07 09 10 12 16 17 18 21 23 24 25
00078 - 01 02 04 06 07 09 10 13 15 16 17 20 21 23 24
00079 - 01 02 04 06 08 09 11 12 13 14 18 20 21 22 24
00080 - 01 02 04 06 09 10 11 14 15 16 17 21 22 23 24
00081 - 01 02 04 06 10 11 13 14 16 18 19 20 23 24 25
00082 - 01 02 04 07 09 12 13 14 15 16 18 19 20 22 24
00083 - 01 02 04 07 10 11 12 15 16 17 19 20 21 22 24
00084 - 01 02 04 08 09 10 11 13 14 15 16 17 18 19 22
00085 - 01 02 04 08 10 11 12 14 15 18 19 20 22 23 25
00086 - 01 02 04 08 11 12 13 14 15 16 17 18 19 24 25
00087 - 01 02 05 06 07 08 09 13 14 17 18 21 22 23 24
00088 - 01 02 05 06 07 08 10 12 13 15 18 19 20 21 25
00089 - 01 02 05 06 07 08 11 12 13 18 20 22 23 24 25
00090 - 01 02 05 06 07 09 10 11 12 13 14 16 20 21 24
00091 - 01 02 05 06 07 09 11 12 14 15 17 19 20 23 25
00092 - 01 02 05 06 08 09 12 15 17 18 19 20 22 24 25
00093 - 01 02 05 06 08 10 11 13 15 16 17 19 20 23 24
00094 - 01 02 05 06 08 11 12 14 15 16 18 19 20 23 24
00095 - 01 02 05 07 08 11 12 13 14 15 16 17 21 22 25
00096 - 01 02 05 07 09 10 12 13 16 18 19 21 22 23 24
00097 - 01 02 05 08 09 10 12 13 15 16 17 18 20 22 23
00098 - 01 02 05 08 10 11 14 16 17 18 19 21 22 23 24
00099 - 01 02 05 09 11 14 15 17 18 19 21 22 23 24 25
00100 - 01 02 06 07 08 09 10 12 13 14 17 19 22 23 25
00101 - 01 02 06 07 08 09 11 13 14 15 18 19 20 22 23
00102 - 01 02 06 07 09 10 11 12 13 15 16 19 23 24 25
00103 - 01 02 07 08 09 10 11 14 15 16 17 19 20 21 25
00104 - 01 02 07 08 09 10 13 14 16 17 18 19 20 24 25
00105 - 01 02 07 11 14 16 17 18 19 20 21 22 23 24 25
00106 - 01 02 08 09 10 11 12 13 14 15 16 22 23 24 25
00107 - 01 03 04 05 06 07 08 09 11 16 18 22 23 24 25
00108 - 01 03 04 05 06 07 08 10 13 16 18 22 23 24 25
00109 - 01 03 04 05 06 07 08 12 15 19 20 21 22 23 24
00110 - 01 03 04 05 06 07 09 10 12 16 17 19 20 24 25
00111 - 01 03 04 05 06 08 09 11 12 13 15 16 17 23 25
00112 - 01 03 04 05 06 09 11 13 15 16 18 19 20 21 22
00113 - 01 03 04 05 06 11 12 13 14 17 19 20 21 23 24
00114 - 01 03 04 05 07 08 09 10 12 13 15 17 18 19 20
00115 - 01 03 04 05 07 09 10 11 12 13 15 18 20 21 23
00116 - 01 03 04 05 08 10 11 12 13 14 15 16 18 20 24
00117 - 01 03 04 05 08 11 13 14 15 16 17 18 21 23 24
00118 - 01 03 04 06 07 10 12 13 14 16 18 19 21 22 25
00119 - 01 03 04 06 08 09 10 11 16 17 19 20 21 22 23
00120 - 01 03 04 06 08 09 12 13 15 16 18 21 22 23 24
00121 - 01 03 04 06 08 09 12 14 15 16 17 19 21 22 25
00122 - 01 03 04 06 10 11 12 14 15 17 18 19 22 24 25
00123 - 01 03 04 07 08 11 13 15 17 19 20 22 23 24 25
00124 - 01 03 04 07 09 10 11 13 14 16 17 18 21 23 25
00125 - 01 03 04 08 09 11 12 13 14 15 16 18 19 20 23
00126 - 01 03 05 06 07 08 09 13 15 16 17 19 20 22 23
00127 - 01 03 05 06 07 08 11 12 13 14 15 17 18 20 25
00128 - 01 03 05 06 07 09 10 11 14 15 17 18 19 21 23
00129 - 01 03 05 06 07 10 11 13 14 16 17 19 20 21 22
00130 - 01 03 05 06 08 10 11 12 13 14 17 18 19 22 23
00131 - 01 03 05 06 10 11 12 14 15 16 17 18 20 21 24
00132 - 01 03 05 07 08 09 10 13 14 17 19 21 23 24 25
00133 - 01 03 05 07 08 09 11 12 16 17 18 20 21 22 24
00134 - 01 03 05 07 09 10 12 13 14 15 16 19 22 23 24
00135 - 01 03 05 07 11 12 13 15 16 17 19 21 22 24 25
00136 - 01 03 05 08 09 10 11 12 14 16 18 19 20 24 25
00137 - 01 03 05 08 09 10 12 13 14 15 19 20 21 22 25
00138 - 01 03 05 09 10 11 12 13 14 19 20 21 22 23 24
00139 - 01 03 05 09 10 12 14 15 17 18 20 21 22 23 25
00140 - 01 03 06 07 08 09 10 11 12 13 16 21 23 24 25
00141 - 01 03 06 07 08 09 10 11 13 14 17 20 22 23 24
00142 - 01 03 06 07 08 09 11 14 17 18 19 20 22 24 25
00143 - 01 03 06 07 08 09 12 13 15 18 19 20 23 24 25
00144 - 01 03 06 08 09 10 14 15 16 20 21 22 23 24 25
00145 - 01 03 06 08 10 12 14 15 17 18 19 20 21 24 25
00146 - 01 03 07 08 09 10 11 12 15 16 18 21 22 23 25
00147 - 01 03 07 08 10 11 12 14 15 17 18 21 22 23 24
00148 - 01 03 07 09 12 14 16 17 18 19 20 21 22 23 24
00149 - 01 04 05 06 07 08 09 10 14 18 19 20 21 23 24
00150 - 01 04 05 06 07 08 10 15 17 19 20 22 23 24 25
00151 - 01 04 05 06 07 09 11 13 14 15 17 20 22 24 25
00152 - 01 04 05 06 07 09 13 14 15 16 19 20 21 23 25
00153 - 01 04 05 06 07 10 11 12 14 15 16 19 22 24 25
00154 - 01 04 05 06 07 10 12 14 15 16 17 18 22 23 24
00155 - 01 04 05 06 08 09 10 11 12 13 14 15 19 21 23
00156 - 01 04 05 06 08 10 12 15 16 17 18 19 21 23 25
00157 - 01 04 05 06 09 10 13 15 17 18 19 21 22 24 25
00158 - 01 04 05 06 09 11 12 13 14 17 18 19 22 23 25
00159 - 01 04 05 06 10 11 12 16 18 19 20 21 22 24 25
00160 - 01 04 05 07 08 09 11 15 16 17 18 20 21 23 25
00161 - 01 04 05 07 08 12 13 14 16 19 20 21 22 23 25
00162 - 01 04 05 07 08 13 14 15 16 18 19 21 22 24 25
00163 - 01 04 05 08 09 10 12 13 14 16 17 21 22 23 24
00164 - 01 04 06 07 08 09 10 11 15 16 18 19 20 22 24
00165 - 01 04 06 07 09 10 11 12 13 15 16 17 18 21 22
00166 - 01 04 06 09 11 12 14 15 18 19 20 21 23 24 25
00167 - 01 04 06 10 12 13 14 15 17 18 20 21 22 23 25
00168 - 01 04 07 08 10 13 14 16 17 18 20 21 22 24 25
00169 - 01 04 08 09 10 11 12 13 17 18 19 20 22 24 25
00170 - 01 04 09 11 12 13 14 16 17 18 19 20 22 23 25
00171 - 01 05 06 07 08 09 11 12 14 16 17 18 19 21 23
00172 - 01 05 06 07 09 10 11 13 14 16 18 20 22 23 25
00173 - 01 05 06 07 10 11 13 15 17 19 21 22 23 24 25
00174 - 01 05 07 09 10 11 12 13 14 15 17 18 20 21 24
00175 - 01 05 08 09 10 12 13 14 16 17 20 21 23 24 25
00176 - 01 06 07 08 11 12 13 14 15 16 17 18 19 21 23
00177 - 01 06 08 09 10 11 13 15 17 18 19 20 21 24 25
00178 - 01 06 08 11 12 13 14 15 16 17 20 22 23 24 25
00179 - 02 03 04 05 06 07 08 10 13 14 15 16 21 22 23
00180 - 02 03 04 05 06 07 09 10 12 13 17 18 19 20 23
00181 - 02 03 04 05 06 07 09 11 13 14 16 17 20 24 25
00182 - 02 03 04 05 06 07 09 11 15 16 17 18 19 21 24
00183 - 02 03 04 05 06 07 09 12 19 20 21 22 23 24 25
00184 - 02 03 04 05 06 07 09 13 16 18 19 20 21 24 25
00185 - 02 03 04 05 06 08 10 12 13 15 19 20 23 24 25
00186 - 02 03 04 05 06 08 10 13 15 17 18 21 22 24 25
00187 - 02 03 04 05 06 09 11 12 13 14 15 16 17 22 23
00188 - 02 03 04 05 07 08 09 11 13 16 19 20 22 23 24
00189 - 02 03 04 05 07 08 10 11 12 14 16 18 20 21 24
00190 - 02 03 04 05 08 09 10 11 13 14 15 16 19 21 25
00191 - 02 03 04 05 08 09 10 12 13 14 16 18 19 21 22
00192 - 02 03 04 05 08 11 12 16 17 18 19 20 22 24 25
00193 - 02 03 04 05 09 10 12 15 16 17 19 20 21 22 25
00194 - 02 03 04 06 07 08 09 10 11 12 14 15 19 20 25
00195 - 02 03 04 06 07 08 11 13 14 15 19 21 23 24 25
00196 - 02 03 04 06 07 09 10 14 17 19 20 21 22 24 25
00197 - 02 03 04 06 07 10 13 14 15 17 18 19 21 23 24
00198 - 02 03 04 06 09 10 12 13 14 15 17 18 20 21 24
00199 - 02 03 04 07 08 10 11 13 15 16 17 18 20 22 24
00200 - 02 03 04 07 08 11 12 14 16 17 20 21 23 24 25
00201 - 02 03 05 06 07 08 10 12 15 16 17 18 21 23 25
00202 - 02 03 05 06 07 08 11 13 14 15 16 17 19 20 23
00203 - 02 03 05 06 07 08 12 13 14 16 18 20 22 24 25
00204 - 02 03 05 06 07 08 12 13 15 16 18 19 22 23 25
00205 - 02 03 05 06 07 09 10 11 12 13 15 18 19 20 24
00206 - 02 03 05 06 07 10 11 12 13 16 17 19 20 21 25
00207 - 02 03 05 06 07 11 12 14 16 19 20 21 22 23 25
00208 - 02 03 05 06 08 09 12 14 15 16 17 18 19 21 23
00209 - 02 03 05 06 12 13 14 17 18 19 20 21 22 24 25
00210 - 02 03 05 07 09 10 11 12 13 14 15 17 19 20 22
00211 - 02 03 05 07 09 10 11 12 13 14 17 18 23 24 25
00212 - 02 03 05 08 09 11 12 13 14 15 19 20 21 23 25
00213 - 02 03 05 08 09 11 13 14 16 18 20 21 23 24 25
00214 - 02 03 06 08 09 10 11 12 13 16 17 18 19 21 22
00215 - 02 03 06 09 10 11 12 14 15 17 19 20 21 22 24
00216 - 02 03 06 09 10 13 14 15 16 18 19 20 22 23 24
00217 - 02 03 07 08 09 10 14 15 16 17 18 22 23 24 25
00218 - 02 03 07 09 11 12 13 15 17 18 20 21 22 23 25
00219 - 02 03 08 10 11 12 13 14 15 17 20 22 23 24 25
00220 - 02 03 08 10 12 13 14 16 17 19 21 22 23 24 25
00221 - 02 04 05 06 07 08 09 10 11 12 15 17 22 23 24
00222 - 02 04 05 06 07 08 09 10 11 13 14 15 18 24 25
00223 - 02 04 05 06 07 09 11 13 14 17 18 19 21 22 23
00224 - 02 04 05 06 08 09 10 11 12 18 20 21 22 23 24
00225 - 02 04 05 06 08 10 11 13 14 19 21 22 23 24 25
00226 - 02 04 05 06 08 12 13 14 15 17 19 20 21 22 23
00227 - 02 04 05 06 10 11 13 14 15 16 17 18 20 22 25
00228 - 02 04 05 07 08 09 10 11 13 17 21 22 23 24 25
00229 - 02 04 05 07 09 10 11 12 14 16 18 19 22 23 25
00230 - 02 04 05 07 10 11 15 17 18 19 20 21 23 24 25
00231 - 02 04 05 07 12 13 14 15 16 17 18 22 23 24 25
00232 - 02 04 05 08 09 11 12 14 17 18 19 20 21 22 24
00233 - 02 04 06 07 08 09 10 11 12 14 17 18 20 23 24
00234 - 02 04 06 07 08 09 10 12 13 14 15 17 18 23 25
00235 - 02 04 06 07 08 11 13 15 16 17 19 21 22 23 25
00236 - 02 04 06 07 09 10 13 14 17 19 20 21 22 23 25
00237 - 02 04 06 07 11 12 13 14 15 16 18 19 21 22 24
00238 - 02 04 06 08 09 11 12 13 16 17 19 20 21 24 25
00239 - 02 04 06 08 09 12 15 16 18 19 20 22 23 24 25
00240 - 02 04 07 08 09 10 12 13 14 16 18 20 21 22 23
00241 - 02 04 07 08 09 12 13 15 16 17 18 20 21 22 25
00242 - 02 05 06 07 09 10 12 14 15 16 20 21 22 23 24
00243 - 02 05 06 09 10 11 13 14 16 17 18 20 21 23 25
00244 - 02 05 06 10 12 13 14 15 16 18 19 21 23 24 25
00245 - 02 05 07 08 09 10 12 14 16 17 19 20 23 24 25
00246 - 02 05 07 08 09 11 14 15 16 19 20 21 22 24 25
00247 - 02 05 08 09 10 11 13 15 16 18 19 20 21 22 23
00248 - 02 06 07 08 10 11 14 15 16 17 18 20 21 24 25
00249 - 02 06 07 09 10 11 12 16 17 18 19 20 21 22 25
00250 - 02 06 08 09 10 11 12 13 14 15 17 18 19 21 24
00251 - 02 07 08 10 12 14 15 18 19 20 21 22 23 24 25
00252 - 03 04 05 06 07 08 09 10 11 13 16 17 19 21 24
00253 - 03 04 05 06 07 08 09 11 12 15 18 21 22 23 25
00254 - 03 04 05 06 07 08 09 12 14 17 18 20 21 24 25
00255 - 03 04 05 06 07 11 12 15 16 17 18 19 20 22 25
00256 - 03 04 05 06 08 09 10 11 12 14 15 16 17 18 20
00257 - 03 04 05 06 08 10 12 14 16 18 19 20 21 23 24
00258 - 03 04 05 06 09 10 11 14 18 19 21 22 23 24 25
00259 - 03 04 05 07 08 09 11 12 15 17 18 19 22 23 24
00260 - 03 04 05 07 09 10 12 13 14 15 16 17 19 24 25
00261 - 03 04 05 07 10 11 12 13 17 18 19 20 22 23 24
00262 - 03 04 05 08 09 10 11 13 15 17 18 20 22 23 25
00263 - 03 04 05 08 09 10 11 14 15 16 20 21 22 24 25
00264 - 03 04 05 09 10 12 13 16 17 18 20 21 22 23 25
00265 - 03 04 05 09 13 14 15 16 17 18 19 20 23 24 25
00266 - 03 04 05 10 11 14 15 16 17 19 20 21 22 23 24
00267 - 03 04 06 07 08 09 11 12 13 14 16 19 22 23 24
00268 - 03 04 06 08 10 14 15 16 17 18 19 20 22 23 25
00269 - 03 04 06 08 11 13 14 16 17 18 19 20 21 22 24
00270 - 03 04 06 09 10 11 12 13 15 16 19 20 23 24 25
00271 - 03 04 07 08 09 11 13 14 17 18 19 20 21 22 25
00272 - 03 04 07 08 10 13 15 17 18 19 20 21 22 23 24
00273 - 03 04 08 10 11 12 13 15 16 18 19 21 23 24 25
00274 - 03 04 09 11 12 14 15 16 17 18 19 21 22 24 25
00275 - 03 05 06 07 08 09 10 12 15 17 20 21 22 24 25
00276 - 03 05 06 07 08 10 11 13 14 18 19 20 21 22 25
00277 - 03 05 06 07 08 10 11 15 16 19 20 21 23 24 25
00278 - 03 05 06 07 12 13 14 15 17 20 21 22 23 24 25
00279 - 03 05 06 08 09 10 11 14 15 16 17 19 22 23 25
00280 - 03 06 07 08 09 10 12 13 14 15 16 18 20 21 23
00281 - 03 06 07 09 11 13 14 15 16 18 21 22 23 24 25
00282 - 03 06 07 10 11 12 16 17 18 19 20 22 23 24 25
00283 - 04 05 06 07 08 09 10 11 12 13 14 16 20 23 25
00284 - 04 05 06 07 08 09 13 16 17 18 19 22 23 24 25
00285 - 04 05 06 07 08 10 11 12 14 17 20 21 22 23 25
00286 - 04 05 06 07 08 10 12 13 14 15 17 18 19 22 24
00287 - 04 05 06 07 11 12 13 15 16 18 20 21 23 24 25
00288 - 04 07 08 09 10 11 12 14 15 16 17 19 21 23 24
00289 - 04 07 09 10 11 12 13 14 15 19 20 21 22 24 25
00290 - 05 06 07 08 09 10 14 15 16 17 18 19 20 21 22
00291 - 05 06 08 09 10 11 12 13 14 16 17 18 22 24 25
00292 - 05 06 08 09 11 12 13 15 16 17 20 21 22 23 24
00293 - 05 07 08 09 11 12 13 15 18 19 20 21 23 24 25
00294 - 05 07 10 11 12 13 14 15 16 17 18 19 20 23 25
00295 - 06 07 08 09 10 12 13 15 16 19 20 21 22 24 25