00001 - 07 09 10 58 68
00002 - 07 09 34 44 58
00003 - 07 09 50 58 75
00004 - 07 09 51 56 58
00005 - 07 09 52 58 61
00006 - 07 10 34 52 61
00007 - 07 10 44 50 75
00008 - 07 10 44 51 56
00009 - 07 34 50 51 68
00010 - 07 34 56 68 75
00011 - 07 44 52 61 68
00012 - 07 50 52 56 61
00013 - 07 51 52 61 75
00014 - 09 10 34 61 68
00015 - 09 10 44 52 68
00016 - 09 10 50 56 68
00017 - 09 10 51 68 75
00018 - 09 34 50 52 75
00019 - 09 34 51 52 56
00020 - 09 44 50 51 61
00021 - 09 44 56 61 75
00022 - 10 34 44 58 61
00023 - 10 34 50 56 61
00024 - 10 34 51 61 75
00025 - 10 50 51 52 58
00026 - 10 52 56 58 75
00027 - 34 44 50 56 58
00028 - 34 44 51 58 75
00029 - 34 44 52 58 68
00030 - 44 50 52 68 75
00031 - 44 51 52 56 68
00032 - 50 51 56 58 75
00033 - 50 58 61 68 75
00034 - 51 56 58 61 68