00001 - 01 05 26 27 28
00002 - 01 05 26 27 41
00003 - 01 05 26 27 44
00004 - 01 05 26 27 48
00005 - 01 05 26 27 65
00006 - 01 05 26 27 67
00007 - 01 05 26 28 41
00008 - 01 05 26 28 44
00009 - 01 05 26 28 48
00010 - 01 05 26 28 65
00011 - 01 05 26 28 67
00012 - 01 05 26 41 44
00013 - 01 05 26 41 48
00014 - 01 05 26 41 65
00015 - 01 05 26 41 67
00016 - 01 05 26 44 48
00017 - 01 05 26 44 65
00018 - 01 05 26 44 67
00019 - 01 05 26 48 65
00020 - 01 05 26 48 67
00021 - 01 05 26 65 67
00022 - 01 05 27 28 41
00023 - 01 05 27 28 44
00024 - 01 05 27 28 48
00025 - 01 05 27 28 65
00026 - 01 05 27 28 67
00027 - 01 05 27 41 44
00028 - 01 05 27 41 48
00029 - 01 05 27 41 65
00030 - 01 05 27 41 67
00031 - 01 05 27 44 48
00032 - 01 05 27 44 65
00033 - 01 05 27 44 67
00034 - 01 05 27 48 65
00035 - 01 05 27 48 67
00036 - 01 05 27 65 67
00037 - 01 05 28 41 44
00038 - 01 05 28 41 48
00039 - 01 05 28 41 65
00040 - 01 05 28 41 67
00041 - 01 05 28 44 48
00042 - 01 05 28 44 65
00043 - 01 05 28 44 67
00044 - 01 05 28 48 65
00045 - 01 05 28 48 67
00046 - 01 05 28 65 67
00047 - 01 05 41 44 48
00048 - 01 05 41 44 65
00049 - 01 05 41 44 67
00050 - 01 05 41 48 65
00051 - 01 05 41 48 67
00052 - 01 05 41 65 67
00053 - 01 05 44 48 65
00054 - 01 05 44 48 67
00055 - 01 05 44 65 67
00056 - 01 05 48 65 67
00057 - 01 26 27 28 41
00058 - 01 26 27 28 44
00059 - 01 26 27 28 48
00060 - 01 26 27 28 65
00061 - 01 26 27 28 67
00062 - 01 26 27 41 44
00063 - 01 26 27 41 48
00064 - 01 26 27 41 65
00065 - 01 26 27 41 67
00066 - 01 26 27 44 48
00067 - 01 26 27 44 65
00068 - 01 26 27 44 67
00069 - 01 26 27 48 65
00070 - 01 26 27 48 67
00071 - 01 26 27 65 67
00072 - 01 26 28 41 44
00073 - 01 26 28 41 48
00074 - 01 26 28 41 65
00075 - 01 26 28 41 67
00076 - 01 26 28 44 48
00077 - 01 26 28 44 65
00078 - 01 26 28 44 67
00079 - 01 26 28 48 65
00080 - 01 26 28 48 67
00081 - 01 26 28 65 67
00082 - 01 26 41 44 48
00083 - 01 26 41 44 65
00084 - 01 26 41 44 67
00085 - 01 26 41 48 65
00086 - 01 26 41 48 67
00087 - 01 26 41 65 67
00088 - 01 26 44 48 65
00089 - 01 26 44 48 67
00090 - 01 26 44 65 67
00091 - 01 26 48 65 67
00092 - 01 27 28 41 44
00093 - 01 27 28 41 48
00094 - 01 27 28 41 65
00095 - 01 27 28 41 67
00096 - 01 27 28 44 48
00097 - 01 27 28 44 65
00098 - 01 27 28 44 67
00099 - 01 27 28 48 65
00100 - 01 27 28 48 67
00101 - 01 27 28 65 67
00102 - 01 27 41 44 48
00103 - 01 27 41 44 65
00104 - 01 27 41 44 67
00105 - 01 27 41 48 65
00106 - 01 27 41 48 67
00107 - 01 27 41 65 67
00108 - 01 27 44 48 65
00109 - 01 27 44 48 67
00110 - 01 27 44 65 67
00111 - 01 27 48 65 67
00112 - 01 28 41 44 48
00113 - 01 28 41 44 65
00114 - 01 28 41 44 67
00115 - 01 28 41 48 65
00116 - 01 28 41 48 67
00117 - 01 28 41 65 67
00118 - 01 28 44 48 65
00119 - 01 28 44 48 67
00120 - 01 28 44 65 67
00121 - 01 28 48 65 67
00122 - 01 41 44 48 65
00123 - 01 41 44 48 67
00124 - 01 41 44 65 67
00125 - 01 41 48 65 67
00126 - 01 44 48 65 67
00127 - 02 04 17 22 29
00128 - 02 04 17 22 38
00129 - 02 04 17 22 41
00130 - 02 04 17 22 50
00131 - 02 04 17 22 59
00132 - 02 04 17 22 72
00133 - 02 04 17 29 38
00134 - 02 04 17 29 41
00135 - 02 04 17 29 50
00136 - 02 04 17 29 59
00137 - 02 04 17 29 72
00138 - 02 04 17 38 41
00139 - 02 04 17 38 50
00140 - 02 04 17 38 59
00141 - 02 04 17 38 72
00142 - 02 04 17 41 50
00143 - 02 04 17 41 59
00144 - 02 04 17 41 72
00145 - 02 04 17 50 59
00146 - 02 04 17 50 72
00147 - 02 04 17 59 72
00148 - 02 04 22 29 38
00149 - 02 04 22 29 41
00150 - 02 04 22 29 50
00151 - 02 04 22 29 59
00152 - 02 04 22 29 72
00153 - 02 04 22 38 41
00154 - 02 04 22 38 50
00155 - 02 04 22 38 59
00156 - 02 04 22 38 72
00157 - 02 04 22 41 50
00158 - 02 04 22 41 59
00159 - 02 04 22 41 72
00160 - 02 04 22 50 59
00161 - 02 04 22 50 72
00162 - 02 04 22 59 72
00163 - 02 04 29 38 41
00164 - 02 04 29 38 50
00165 - 02 04 29 38 59
00166 - 02 04 29 38 72
00167 - 02 04 29 41 50
00168 - 02 04 29 41 59
00169 - 02 04 29 41 72
00170 - 02 04 29 50 59
00171 - 02 04 29 50 72
00172 - 02 04 29 59 72
00173 - 02 04 38 41 50
00174 - 02 04 38 41 59
00175 - 02 04 38 41 72
00176 - 02 04 38 50 59
00177 - 02 04 38 50 72
00178 - 02 04 38 59 72
00179 - 02 04 41 50 59
00180 - 02 04 41 50 72
00181 - 02 04 41 59 72
00182 - 02 04 50 59 72
00183 - 02 07 10 13 16
00184 - 02 07 10 13 22
00185 - 02 07 10 13 24
00186 - 02 07 10 13 28
00187 - 02 07 10 13 31
00188 - 02 07 10 13 42
00189 - 02 07 10 16 22
00190 - 02 07 10 16 24
00191 - 02 07 10 16 28
00192 - 02 07 10 16 31
00193 - 02 07 10 16 42
00194 - 02 07 10 22 24
00195 - 02 07 10 22 28
00196 - 02 07 10 22 31
00197 - 02 07 10 22 42
00198 - 02 07 10 24 28
00199 - 02 07 10 24 31
00200 - 02 07 10 24 42
00201 - 02 07 10 28 31
00202 - 02 07 10 28 42
00203 - 02 07 10 31 42
00204 - 02 07 13 16 22
00205 - 02 07 13 16 24
00206 - 02 07 13 16 28
00207 - 02 07 13 16 31
00208 - 02 07 13 16 42
00209 - 02 07 13 22 24
00210 - 02 07 13 22 28
00211 - 02 07 13 22 31
00212 - 02 07 13 22 42
00213 - 02 07 13 24 28
00214 - 02 07 13 24 31
00215 - 02 07 13 24 42
00216 - 02 07 13 28 31
00217 - 02 07 13 28 42
00218 - 02 07 13 31 42
00219 - 02 07 16 22 24
00220 - 02 07 16 22 28
00221 - 02 07 16 22 31
00222 - 02 07 16 22 42
00223 - 02 07 16 24 28
00224 - 02 07 16 24 31
00225 - 02 07 16 24 42
00226 - 02 07 16 28 31
00227 - 02 07 16 28 42
00228 - 02 07 16 31 42
00229 - 02 07 22 24 28
00230 - 02 07 22 24 31
00231 - 02 07 22 24 42
00232 - 02 07 22 28 31
00233 - 02 07 22 28 42
00234 - 02 07 22 31 42
00235 - 02 07 24 28 31
00236 - 02 07 24 28 42
00237 - 02 07 24 31 42
00238 - 02 07 28 31 42
00239 - 02 10 13 16 22
00240 - 02 10 13 16 24
00241 - 02 10 13 16 28
00242 - 02 10 13 16 31
00243 - 02 10 13 16 42
00244 - 02 10 13 22 24
00245 - 02 10 13 22 28
00246 - 02 10 13 22 31
00247 - 02 10 13 22 42
00248 - 02 10 13 24 28
00249 - 02 10 13 24 31
00250 - 02 10 13 24 42
00251 - 02 10 13 28 31
00252 - 02 10 13 28 42
00253 - 02 10 13 31 42
00254 - 02 10 16 22 24
00255 - 02 10 16 22 28
00256 - 02 10 16 22 31
00257 - 02 10 16 22 42
00258 - 02 10 16 24 28
00259 - 02 10 16 24 31
00260 - 02 10 16 24 42
00261 - 02 10 16 28 31
00262 - 02 10 16 28 42
00263 - 02 10 16 31 42
00264 - 02 10 22 24 28
00265 - 02 10 22 24 31
00266 - 02 10 22 24 42
00267 - 02 10 22 28 31
00268 - 02 10 22 28 42
00269 - 02 10 22 31 42
00270 - 02 10 24 28 31
00271 - 02 10 24 28 42
00272 - 02 10 24 31 42
00273 - 02 10 28 31 42
00274 - 02 13 16 22 24
00275 - 02 13 16 22 28
00276 - 02 13 16 22 31
00277 - 02 13 16 22 42
00278 - 02 13 16 24 28
00279 - 02 13 16 24 31
00280 - 02 13 16 24 42
00281 - 02 13 16 28 31
00282 - 02 13 16 28 42
00283 - 02 13 16 31 42
00284 - 02 13 22 24 28
00285 - 02 13 22 24 31
00286 - 02 13 22 24 42
00287 - 02 13 22 28 31
00288 - 02 13 22 28 42
00289 - 02 13 22 31 42
00290 - 02 13 24 28 31
00291 - 02 13 24 28 42
00292 - 02 13 24 31 42
00293 - 02 13 28 31 42
00294 - 02 16 22 24 28
00295 - 02 16 22 24 31
00296 - 02 16 22 24 42
00297 - 02 16 22 28 31
00298 - 02 16 22 28 42
00299 - 02 16 22 31 42
00300 - 02 16 24 28 31
00301 - 02 16 24 28 42
00302 - 02 16 24 31 42
00303 - 02 16 28 31 42
00304 - 02 17 22 29 38
00305 - 02 17 22 29 41
00306 - 02 17 22 29 50
00307 - 02 17 22 29 59
00308 - 02 17 22 29 72
00309 - 02 17 22 38 41
00310 - 02 17 22 38 50
00311 - 02 17 22 38 59
00312 - 02 17 22 38 72
00313 - 02 17 22 41 50
00314 - 02 17 22 41 59
00315 - 02 17 22 41 72
00316 - 02 17 22 50 59
00317 - 02 17 22 50 72
00318 - 02 17 22 59 72
00319 - 02 17 29 38 41
00320 - 02 17 29 38 50
00321 - 02 17 29 38 59
00322 - 02 17 29 38 72
00323 - 02 17 29 41 50
00324 - 02 17 29 41 59
00325 - 02 17 29 41 72
00326 - 02 17 29 50 59
00327 - 02 17 29 50 72
00328 - 02 17 29 59 72
00329 - 02 17 38 41 50
00330 - 02 17 38 41 59
00331 - 02 17 38 41 72
00332 - 02 17 38 50 59
00333 - 02 17 38 50 72
00334 - 02 17 38 59 72
00335 - 02 17 41 50 59
00336 - 02 17 41 50 72
00337 - 02 17 41 59 72
00338 - 02 17 50 59 72
00339 - 02 18 19 22 23
00340 - 02 18 19 22 41
00341 - 02 18 19 22 48
00342 - 02 18 19 22 57
00343 - 02 18 19 22 63
00344 - 02 18 19 22 79
00345 - 02 18 19 23 41
00346 - 02 18 19 23 48
00347 - 02 18 19 23 57
00348 - 02 18 19 23 63
00349 - 02 18 19 23 79
00350 - 02 18 19 41 48
00351 - 02 18 19 41 57
00352 - 02 18 19 41 63
00353 - 02 18 19 41 79
00354 - 02 18 19 48 57
00355 - 02 18 19 48 63
00356 - 02 18 19 48 79
00357 - 02 18 19 57 63
00358 - 02 18 19 57 79
00359 - 02 18 19 63 79
00360 - 02 18 22 23 41
00361 - 02 18 22 23 48
00362 - 02 18 22 23 57
00363 - 02 18 22 23 63
00364 - 02 18 22 23 79
00365 - 02 18 22 41 48
00366 - 02 18 22 41 57
00367 - 02 18 22 41 63
00368 - 02 18 22 41 79
00369 - 02 18 22 48 57
00370 - 02 18 22 48 63
00371 - 02 18 22 48 79
00372 - 02 18 22 57 63
00373 - 02 18 22 57 79
00374 - 02 18 22 63 79
00375 - 02 18 23 41 48
00376 - 02 18 23 41 57
00377 - 02 18 23 41 63
00378 - 02 18 23 41 79
00379 - 02 18 23 48 57
00380 - 02 18 23 48 63
00381 - 02 18 23 48 79
00382 - 02 18 23 57 63
00383 - 02 18 23 57 79
00384 - 02 18 23 63 79
00385 - 02 18 41 48 57
00386 - 02 18 41 48 63
00387 - 02 18 41 48 79
00388 - 02 18 41 57 63
00389 - 02 18 41 57 79
00390 - 02 18 41 63 79
00391 - 02 18 48 57 63
00392 - 02 18 48 57 79
00393 - 02 18 48 63 79
00394 - 02 18 57 63 79
00395 - 02 19 22 23 41
00396 - 02 19 22 23 48
00397 - 02 19 22 23 57
00398 - 02 19 22 23 63
00399 - 02 19 22 23 79
00400 - 02 19 22 41 48
00401 - 02 19 22 41 57
00402 - 02 19 22 41 63
00403 - 02 19 22 41 79
00404 - 02 19 22 48 57
00405 - 02 19 22 48 63
00406 - 02 19 22 48 79
00407 - 02 19 22 57 63
00408 - 02 19 22 57 79
00409 - 02 19 22 63 79
00410 - 02 19 23 41 48
00411 - 02 19 23 41 57
00412 - 02 19 23 41 63
00413 - 02 19 23 41 79
00414 - 02 19 23 48 57
00415 - 02 19 23 48 63
00416 - 02 19 23 48 79
00417 - 02 19 23 57 63
00418 - 02 19 23 57 79
00419 - 02 19 23 63 79
00420 - 02 19 41 48 57
00421 - 02 19 41 48 63
00422 - 02 19 41 48 79
00423 - 02 19 41 57 63
00424 - 02 19 41 57 79
00425 - 02 19 41 63 79
00426 - 02 19 48 57 63
00427 - 02 19 48 57 79
00428 - 02 19 48 63 79
00429 - 02 19 57 63 79
00430 - 02 22 23 41 48
00431 - 02 22 23 41 57
00432 - 02 22 23 41 63
00433 - 02 22 23 41 79
00434 - 02 22 23 48 57
00435 - 02 22 23 48 63
00436 - 02 22 23 48 79
00437 - 02 22 23 57 63
00438 - 02 22 23 57 79
00439 - 02 22 23 63 79
00440 - 02 22 24 28 31
00441 - 02 22 24 28 42
00442 - 02 22 24 31 42
00443 - 02 22 28 31 42
00444 - 02 22 29 38 41
00445 - 02 22 29 38 50
00446 - 02 22 29 38 59
00447 - 02 22 29 38 72
00448 - 02 22 29 41 50
00449 - 02 22 29 41 59
00450 - 02 22 29 41 72
00451 - 02 22 29 50 59
00452 - 02 22 29 50 72
00453 - 02 22 29 59 72
00454 - 02 22 38 41 50
00455 - 02 22 38 41 59
00456 - 02 22 38 41 72
00457 - 02 22 38 50 59
00458 - 02 22 38 50 72
00459 - 02 22 38 59 72
00460 - 02 22 41 48 57
00461 - 02 22 41 48 63
00462 - 02 22 41 48 79
00463 - 02 22 41 50 59
00464 - 02 22 41 50 72
00465 - 02 22 41 57 63
00466 - 02 22 41 57 79
00467 - 02 22 41 59 72
00468 - 02 22 41 63 79
00469 - 02 22 48 57 63
00470 - 02 22 48 57 79
00471 - 02 22 48 63 79
00472 - 02 22 50 59 72
00473 - 02 22 57 63 79
00474 - 02 23 41 48 57
00475 - 02 23 41 48 63
00476 - 02 23 41 48 79
00477 - 02 23 41 57 63
00478 - 02 23 41 57 79
00479 - 02 23 41 63 79
00480 - 02 23 48 57 63
00481 - 02 23 48 57 79
00482 - 02 23 48 63 79
00483 - 02 23 57 63 79
00484 - 02 24 28 31 42
00485 - 02 29 38 41 50
00486 - 02 29 38 41 59
00487 - 02 29 38 41 72
00488 - 02 29 38 50 59
00489 - 02 29 38 50 72
00490 - 02 29 38 59 72
00491 - 02 29 41 50 59
00492 - 02 29 41 50 72
00493 - 02 29 41 59 72
00494 - 02 29 50 59 72
00495 - 02 38 41 50 59
00496 - 02 38 41 50 72
00497 - 02 38 41 59 72
00498 - 02 38 50 59 72
00499 - 02 41 48 57 63
00500 - 02 41 48 57 79
00501 - 02 41 48 63 79
00502 - 02 41 50 59 72
00503 - 02 41 57 63 79
00504 - 02 48 57 63 79
00505 - 03 27 32 33 34
00506 - 03 27 32 33 36
00507 - 03 27 32 33 61
00508 - 03 27 32 33 64
00509 - 03 27 32 33 78
00510 - 03 27 32 33 79
00511 - 03 27 32 34 36
00512 - 03 27 32 34 61
00513 - 03 27 32 34 64
00514 - 03 27 32 34 78
00515 - 03 27 32 34 79
00516 - 03 27 32 36 61
00517 - 03 27 32 36 64
00518 - 03 27 32 36 78
00519 - 03 27 32 36 79
00520 - 03 27 32 61 64
00521 - 03 27 32 61 78
00522 - 03 27 32 61 79
00523 - 03 27 32 64 78
00524 - 03 27 32 64 79
00525 - 03 27 32 78 79
00526 - 03 27 33 34 36
00527 - 03 27 33 34 61
00528 - 03 27 33 34 64
00529 - 03 27 33 34 78
00530 - 03 27 33 34 79
00531 - 03 27 33 36 61
00532 - 03 27 33 36 64
00533 - 03 27 33 36 78
00534 - 03 27 33 36 79
00535 - 03 27 33 61 64
00536 - 03 27 33 61 78
00537 - 03 27 33 61 79
00538 - 03 27 33 64 78
00539 - 03 27 33 64 79
00540 - 03 27 33 78 79
00541 - 03 27 34 36 61
00542 - 03 27 34 36 64
00543 - 03 27 34 36 78
00544 - 03 27 34 36 79
00545 - 03 27 34 61 64
00546 - 03 27 34 61 78
00547 - 03 27 34 61 79
00548 - 03 27 34 64 78
00549 - 03 27 34 64 79
00550 - 03 27 34 78 79
00551 - 03 27 36 61 64
00552 - 03 27 36 61 78
00553 - 03 27 36 61 79
00554 - 03 27 36 64 78
00555 - 03 27 36 64 79
00556 - 03 27 36 78 79
00557 - 03 27 61 64 78
00558 - 03 27 61 64 79
00559 - 03 27 61 78 79
00560 - 03 27 64 78 79
00561 - 03 32 33 34 36
00562 - 03 32 33 34 61
00563 - 03 32 33 34 64
00564 - 03 32 33 34 78
00565 - 03 32 33 34 79
00566 - 03 32 33 36 61
00567 - 03 32 33 36 64
00568 - 03 32 33 36 78
00569 - 03 32 33 36 79
00570 - 03 32 33 61 64
00571 - 03 32 33 61 78
00572 - 03 32 33 61 79
00573 - 03 32 33 64 78
00574 - 03 32 33 64 79
00575 - 03 32 33 78 79
00576 - 03 32 34 36 61
00577 - 03 32 34 36 64
00578 - 03 32 34 36 78
00579 - 03 32 34 36 79
00580 - 03 32 34 61 64
00581 - 03 32 34 61 78
00582 - 03 32 34 61 79
00583 - 03 32 34 64 78
00584 - 03 32 34 64 79
00585 - 03 32 34 78 79
00586 - 03 32 36 61 64
00587 - 03 32 36 61 78
00588 - 03 32 36 61 79
00589 - 03 32 36 64 78
00590 - 03 32 36 64 79
00591 - 03 32 36 78 79
00592 - 03 32 61 64 78
00593 - 03 32 61 64 79
00594 - 03 32 61 78 79
00595 - 03 32 64 78 79
00596 - 03 33 34 36 61
00597 - 03 33 34 36 64
00598 - 03 33 34 36 78
00599 - 03 33 34 36 79
00600 - 03 33 34 61 64
00601 - 03 33 34 61 78
00602 - 03 33 34 61 79
00603 - 03 33 34 64 78
00604 - 03 33 34 64 79
00605 - 03 33 34 78 79
00606 - 03 33 36 61 64
00607 - 03 33 36 61 78
00608 - 03 33 36 61 79
00609 - 03 33 36 64 78
00610 - 03 33 36 64 79
00611 - 03 33 36 78 79
00612 - 03 33 61 64 78
00613 - 03 33 61 64 79
00614 - 03 33 61 78 79
00615 - 03 33 64 78 79
00616 - 03 34 36 61 64
00617 - 03 34 36 61 78
00618 - 03 34 36 61 79
00619 - 03 34 36 64 78
00620 - 03 34 36 64 79
00621 - 03 34 36 78 79
00622 - 03 34 61 64 78
00623 - 03 34 61 64 79
00624 - 03 34 61 78 79
00625 - 03 34 64 78 79
00626 - 03 36 61 64 78
00627 - 03 36 61 64 79
00628 - 03 36 61 78 79
00629 - 03 36 64 78 79
00630 - 03 61 64 78 79
00631 - 04 17 22 29 38
00632 - 04 17 22 29 41
00633 - 04 17 22 29 50
00634 - 04 17 22 29 59
00635 - 04 17 22 29 72
00636 - 04 17 22 38 41
00637 - 04 17 22 38 50
00638 - 04 17 22 38 59
00639 - 04 17 22 38 72
00640 - 04 17 22 41 50
00641 - 04 17 22 41 59
00642 - 04 17 22 41 72
00643 - 04 17 22 50 59
00644 - 04 17 22 50 72
00645 - 04 17 22 59 72
00646 - 04 17 29 38 41
00647 - 04 17 29 38 50
00648 - 04 17 29 38 59
00649 - 04 17 29 38 72
00650 - 04 17 29 41 50
00651 - 04 17 29 41 59
00652 - 04 17 29 41 72
00653 - 04 17 29 50 59
00654 - 04 17 29 50 72
00655 - 04 17 29 59 72
00656 - 04 17 38 41 50
00657 - 04 17 38 41 59
00658 - 04 17 38 41 72
00659 - 04 17 38 50 59
00660 - 04 17 38 50 72
00661 - 04 17 38 59 72
00662 - 04 17 41 50 59
00663 - 04 17 41 50 72
00664 - 04 17 41 59 72
00665 - 04 17 50 59 72
00666 - 04 22 29 38 41
00667 - 04 22 29 38 50
00668 - 04 22 29 38 59
00669 - 04 22 29 38 72
00670 - 04 22 29 41 50
00671 - 04 22 29 41 59
00672 - 04 22 29 41 72
00673 - 04 22 29 50 59
00674 - 04 22 29 50 72
00675 - 04 22 29 59 72
00676 - 04 22 38 41 50
00677 - 04 22 38 41 59
00678 - 04 22 38 41 72
00679 - 04 22 38 50 59
00680 - 04 22 38 50 72
00681 - 04 22 38 59 72
00682 - 04 22 41 50 59
00683 - 04 22 41 50 72
00684 - 04 22 41 59 72
00685 - 04 22 50 59 72
00686 - 04 29 38 41 50
00687 - 04 29 38 41 59
00688 - 04 29 38 41 72
00689 - 04 29 38 50 59
00690 - 04 29 38 50 72
00691 - 04 29 38 59 72
00692 - 04 29 41 50 59
00693 - 04 29 41 50 72
00694 - 04 29 41 59 72
00695 - 04 29 50 59 72
00696 - 04 38 41 50 59
00697 - 04 38 41 50 72
00698 - 04 38 41 59 72
00699 - 04 38 50 59 72
00700 - 04 41 50 59 72
00701 - 05 10 16 22 33
00702 - 05 10 16 22 39
00703 - 05 10 16 22 59
00704 - 05 10 16 22 60
00705 - 05 10 16 22 68
00706 - 05 10 16 22 70
00707 - 05 10 16 33 39
00708 - 05 10 16 33 59
00709 - 05 10 16 33 60
00710 - 05 10 16 33 68
00711 - 05 10 16 33 70
00712 - 05 10 16 39 59
00713 - 05 10 16 39 60
00714 - 05 10 16 39 68
00715 - 05 10 16 39 70
00716 - 05 10 16 59 60
00717 - 05 10 16 59 68
00718 - 05 10 16 59 70
00719 - 05 10 16 60 68
00720 - 05 10 16 60 70
00721 - 05 10 16 68 70
00722 - 05 10 22 33 39
00723 - 05 10 22 33 59
00724 - 05 10 22 33 60
00725 - 05 10 22 33 68
00726 - 05 10 22 33 70
00727 - 05 10 22 39 59
00728 - 05 10 22 39 60
00729 - 05 10 22 39 68
00730 - 05 10 22 39 70
00731 - 05 10 22 59 60
00732 - 05 10 22 59 68
00733 - 05 10 22 59 70
00734 - 05 10 22 60 68
00735 - 05 10 22 60 70
00736 - 05 10 22 68 70
00737 - 05 10 33 39 59
00738 - 05 10 33 39 60
00739 - 05 10 33 39 68
00740 - 05 10 33 39 70
00741 - 05 10 33 59 60
00742 - 05 10 33 59 68
00743 - 05 10 33 59 70
00744 - 05 10 33 60 68
00745 - 05 10 33 60 70
00746 - 05 10 33 68 70
00747 - 05 10 39 59 60
00748 - 05 10 39 59 68
00749 - 05 10 39 59 70
00750 - 05 10 39 60 68
00751 - 05 10 39 60 70
00752 - 05 10 39 68 70
00753 - 05 10 59 60 68
00754 - 05 10 59 60 70
00755 - 05 10 59 68 70
00756 - 05 10 60 68 70
00757 - 05 16 22 33 39
00758 - 05 16 22 33 59
00759 - 05 16 22 33 60
00760 - 05 16 22 33 68
00761 - 05 16 22 33 70
00762 - 05 16 22 39 59
00763 - 05 16 22 39 60
00764 - 05 16 22 39 68
00765 - 05 16 22 39 70
00766 - 05 16 22 59 60
00767 - 05 16 22 59 68
00768 - 05 16 22 59 70
00769 - 05 16 22 60 68
00770 - 05 16 22 60 70
00771 - 05 16 22 68 70
00772 - 05 16 33 39 59
00773 - 05 16 33 39 60
00774 - 05 16 33 39 68
00775 - 05 16 33 39 70
00776 - 05 16 33 59 60
00777 - 05 16 33 59 68
00778 - 05 16 33 59 70
00779 - 05 16 33 60 68
00780 - 05 16 33 60 70
00781 - 05 16 33 68 70
00782 - 05 16 39 59 60
00783 - 05 16 39 59 68
00784 - 05 16 39 59 70
00785 - 05 16 39 60 68
00786 - 05 16 39 60 70
00787 - 05 16 39 68 70
00788 - 05 16 59 60 68
00789 - 05 16 59 60 70
00790 - 05 16 59 68 70
00791 - 05 16 60 68 70
00792 - 05 21 36 52 55
00793 - 05 21 36 52 63
00794 - 05 21 36 52 71
00795 - 05 21 36 52 74
00796 - 05 21 36 52 75
00797 - 05 21 36 52 80
00798 - 05 21 36 55 63
00799 - 05 21 36 55 71
00800 - 05 21 36 55 74
00801 - 05 21 36 55 75
00802 - 05 21 36 55 80
00803 - 05 21 36 63 71
00804 - 05 21 36 63 74
00805 - 05 21 36 63 75
00806 - 05 21 36 63 80
00807 - 05 21 36 71 74
00808 - 05 21 36 71 75
00809 - 05 21 36 71 80
00810 - 05 21 36 74 75
00811 - 05 21 36 74 80
00812 - 05 21 36 75 80
00813 - 05 21 52 55 63
00814 - 05 21 52 55 71
00815 - 05 21 52 55 74
00816 - 05 21 52 55 75
00817 - 05 21 52 55 80
00818 - 05 21 52 63 71
00819 - 05 21 52 63 74
00820 - 05 21 52 63 75
00821 - 05 21 52 63 80
00822 - 05 21 52 71 74
00823 - 05 21 52 71 75
00824 - 05 21 52 71 80
00825 - 05 21 52 74 75
00826 - 05 21 52 74 80
00827 - 05 21 52 75 80
00828 - 05 21 55 63 71
00829 - 05 21 55 63 74
00830 - 05 21 55 63 75
00831 - 05 21 55 63 80
00832 - 05 21 55 71 74
00833 - 05 21 55 71 75
00834 - 05 21 55 71 80
00835 - 05 21 55 74 75
00836 - 05 21 55 74 80
00837 - 05 21 55 75 80
00838 - 05 21 63 71 74
00839 - 05 21 63 71 75
00840 - 05 21 63 71 80
00841 - 05 21 63 74 75
00842 - 05 21 63 74 80
00843 - 05 21 63 75 80
00844 - 05 21 71 74 75
00845 - 05 21 71 74 80
00846 - 05 21 71 75 80
00847 - 05 21 74 75 80
00848 - 05 22 33 39 59
00849 - 05 22 33 39 60
00850 - 05 22 33 39 68
00851 - 05 22 33 39 70
00852 - 05 22 33 59 60
00853 - 05 22 33 59 68
00854 - 05 22 33 59 70
00855 - 05 22 33 60 68
00856 - 05 22 33 60 70
00857 - 05 22 33 68 70
00858 - 05 22 39 59 60
00859 - 05 22 39 59 68
00860 - 05 22 39 59 70
00861 - 05 22 39 60 68
00862 - 05 22 39 60 70
00863 - 05 22 39 68 70
00864 - 05 22 59 60 68
00865 - 05 22 59 60 70
00866 - 05 22 59 68 70
00867 - 05 22 60 68 70
00868 - 05 26 27 28 41
00869 - 05 26 27 28 44
00870 - 05 26 27 28 48
00871 - 05 26 27 28 65
00872 - 05 26 27 28 67
00873 - 05 26 27 41 44
00874 - 05 26 27 41 48
00875 - 05 26 27 41 65
00876 - 05 26 27 41 67
00877 - 05 26 27 44 48
00878 - 05 26 27 44 65
00879 - 05 26 27 44 67
00880 - 05 26 27 48 65
00881 - 05 26 27 48 67
00882 - 05 26 27 65 67
00883 - 05 26 28 41 44
00884 - 05 26 28 41 48
00885 - 05 26 28 41 65
00886 - 05 26 28 41 67
00887 - 05 26 28 44 48
00888 - 05 26 28 44 65
00889 - 05 26 28 44 67
00890 - 05 26 28 48 65
00891 - 05 26 28 48 67
00892 - 05 26 28 65 67
00893 - 05 26 41 44 48
00894 - 05 26 41 44 65
00895 - 05 26 41 44 67
00896 - 05 26 41 48 65
00897 - 05 26 41 48 67
00898 - 05 26 41 65 67
00899 - 05 26 44 48 65
00900 - 05 26 44 48 67
00901 - 05 26 44 65 67
00902 - 05 26 48 65 67
00903 - 05 27 28 41 44
00904 - 05 27 28 41 48
00905 - 05 27 28 41 65
00906 - 05 27 28 41 67
00907 - 05 27 28 44 48
00908 - 05 27 28 44 65
00909 - 05 27 28 44 67
00910 - 05 27 28 48 65
00911 - 05 27 28 48 67
00912 - 05 27 28 65 67
00913 - 05 27 41 44 48
00914 - 05 27 41 44 65
00915 - 05 27 41 44 67
00916 - 05 27 41 48 65
00917 - 05 27 41 48 67
00918 - 05 27 41 65 67
00919 - 05 27 44 48 65
00920 - 05 27 44 48 67
00921 - 05 27 44 65 67
00922 - 05 27 48 65 67
00923 - 05 28 41 44 48
00924 - 05 28 41 44 65
00925 - 05 28 41 44 67
00926 - 05 28 41 48 65
00927 - 05 28 41 48 67
00928 - 05 28 41 65 67
00929 - 05 28 44 48 65
00930 - 05 28 44 48 67
00931 - 05 28 44 65 67
00932 - 05 28 48 65 67
00933 - 05 33 39 59 60
00934 - 05 33 39 59 68
00935 - 05 33 39 59 70
00936 - 05 33 39 60 68
00937 - 05 33 39 60 70
00938 - 05 33 39 68 70
00939 - 05 33 59 60 68
00940 - 05 33 59 60 70
00941 - 05 33 59 68 70
00942 - 05 33 60 68 70
00943 - 05 36 52 55 63
00944 - 05 36 52 55 71
00945 - 05 36 52 55 74
00946 - 05 36 52 55 75
00947 - 05 36 52 55 80
00948 - 05 36 52 63 71
00949 - 05 36 52 63 74
00950 - 05 36 52 63 75
00951 - 05 36 52 63 80
00952 - 05 36 52 71 74
00953 - 05 36 52 71 75
00954 - 05 36 52 71 80
00955 - 05 36 52 74 75
00956 - 05 36 52 74 80
00957 - 05 36 52 75 80
00958 - 05 36 55 63 71
00959 - 05 36 55 63 74
00960 - 05 36 55 63 75
00961 - 05 36 55 63 80
00962 - 05 36 55 71 74
00963 - 05 36 55 71 75
00964 - 05 36 55 71 80
00965 - 05 36 55 74 75
00966 - 05 36 55 74 80
00967 - 05 36 55 75 80
00968 - 05 36 63 71 74
00969 - 05 36 63 71 75
00970 - 05 36 63 71 80
00971 - 05 36 63 74 75
00972 - 05 36 63 74 80
00973 - 05 36 63 75 80
00974 - 05 36 71 74 75
00975 - 05 36 71 74 80
00976 - 05 36 71 75 80
00977 - 05 36 74 75 80
00978 - 05 39 59 60 68
00979 - 05 39 59 60 70
00980 - 05 39 59 68 70
00981 - 05 39 60 68 70
00982 - 05 41 44 48 65
00983 - 05 41 44 48 67
00984 - 05 41 44 65 67
00985 - 05 41 48 65 67
00986 - 05 44 48 65 67
00987 - 05 52 55 63 71
00988 - 05 52 55 63 74
00989 - 05 52 55 63 75
00990 - 05 52 55 63 80
00991 - 05 52 55 71 74
00992 - 05 52 55 71 75
00993 - 05 52 55 71 80
00994 - 05 52 55 74 75
00995 - 05 52 55 74 80
00996 - 05 52 55 75 80
00997 - 05 52 63 71 74
00998 - 05 52 63 71 75
00999 - 05 52 63 71 80
01000 - 05 52 63 74 75
