00001 - 07 16 17 70 78
00002 - 22 26 27 62 73
00003 - 07 16 24 35 37
00004 - 07 16 33 53 79
00005 - 07 16 51 77 79
00006 - 07 16 55 79 80
00007 - 07 17 24 51 53
00008 - 07 17 33 37 80
00009 - 07 17 35 53 79
00010 - 07 17 35 70 77
00011 - 07 17 37 55 79
00012 - 07 24 33 77 80
00013 - 07 24 55 77 78
00014 - 07 24 70 78 79
00015 - 07 33 35 51 78
00016 - 07 33 53 55 70
00017 - 07 35 55 78 80
00018 - 07 37 51 70 80
00019 - 07 37 53 77 78
00020 - 07 51 53 55 80
00021 - 16 17 24 55 80
00022 - 16 17 33 35 55
00023 - 16 17 37 51 53
00024 - 16 17 77 78 79
00025 - 16 24 33 53 78
00026 - 16 24 37 70 77
00027 - 16 24 51 55 79
00028 - 16 33 37 55 77
00029 - 16 33 51 70 80
00030 - 16 35 37 70 79
00031 - 16 35 51 53 78
00032 - 16 35 53 77 80
00033 - 16 37 53 55 70
00034 - 16 37 55 78 80
00035 - 17 24 33 70 79
00036 - 17 24 35 37 78
00037 - 17 24 53 55 77
00038 - 17 33 37 70 78
00039 - 17 33 51 53 77
00040 - 17 35 51 79 80
00041 - 17 37 77 79 80
00042 - 17 51 55 70 78
00043 - 17 53 70 78 80
00044 - 24 33 35 77 79
00045 - 24 33 37 51 55
00046 - 24 35 51 70 80
00047 - 24 35 53 55 70
00048 - 24 37 53 79 80
00049 - 24 51 77 78 80
00050 - 33 35 37 53 80
00051 - 33 35 70 77 78
00052 - 33 37 51 78 79
00053 - 33 55 78 79 80
00054 - 35 37 51 55 77
00055 - 35 53 55 78 79
00056 - 51 53 70 77 79
00057 - 55 70 77 79 80
00058 - 22 26 29 32 35
00059 - 22 26 31 57 74
00060 - 22 26 53 70 74
00061 - 22 26 60 74 75
00062 - 22 27 29 53 57
00063 - 22 27 31 35 75
00064 - 22 27 32 57 74
00065 - 22 27 32 62 70
00066 - 22 27 35 60 74
00067 - 22 29 31 70 75
00068 - 22 29 60 70 73
00069 - 22 29 62 73 74
00070 - 22 31 32 53 73
00071 - 22 31 57 60 62
00072 - 22 32 60 73 75
00073 - 22 35 53 62 75
00074 - 22 35 57 70 73
00075 - 22 53 57 60 75
00076 - 26 27 29 60 75
00077 - 26 27 31 32 60
00078 - 26 27 35 53 57
00079 - 26 27 70 73 74
00080 - 26 29 31 57 73
00081 - 26 29 35 62 70
00082 - 26 29 53 60 74
00083 - 26 31 35 60 70
00084 - 26 31 53 62 75
00085 - 26 32 35 62 74
00086 - 26 32 53 57 73
00087 - 26 32 57 70 75
00088 - 26 35 57 60 62
00089 - 26 35 60 73 75
00090 - 27 29 31 62 74
00091 - 27 29 32 35 73
00092 - 27 29 57 60 70
00093 - 27 31 35 62 73
00094 - 27 31 53 57 70
00095 - 27 32 53 74 75
00096 - 27 35 70 74 75
00097 - 27 53 60 62 73
00098 - 27 57 62 73 75
00099 - 29 31 32 70 74
00100 - 29 31 35 53 60
00101 - 29 32 53 62 75
00102 - 29 32 57 60 62
00103 - 29 35 57 74 75
00104 - 29 53 70 73 75
00105 - 31 32 35 57 75
00106 - 31 32 62 70 73
00107 - 31 35 53 73 74
00108 - 31 60 73 74 75
00109 - 32 35 53 60 70
00110 - 32 57 60 73 74
00111 - 53 57 62 70 74
00112 - 60 62 70 74 75