00001 - 08 17 22 29 30 31 40
00002 - 08 17 22 29 30 33 46
00003 - 08 17 22 29 30 36 53
00004 - 08 17 22 29 30 56 72
00005 - 08 17 22 29 30 78 79
00006 - 08 17 22 31 33 53 78
00007 - 08 17 22 31 36 46 79
00008 - 08 17 22 31 40 56 72
00009 - 08 17 22 33 36 56 78
00010 - 08 17 22 33 36 72 79
00011 - 08 17 22 33 40 53 79
00012 - 08 17 22 36 40 46 78
00013 - 08 17 22 46 53 56 79
00014 - 08 17 22 46 53 72 78
00015 - 08 17 29 31 33 36 53
00016 - 08 17 29 31 33 40 46
00017 - 08 17 29 31 46 56 78
00018 - 08 17 29 31 53 72 79
00019 - 08 17 29 33 40 72 78
00020 - 08 17 29 33 46 53 79
00021 - 08 17 29 33 53 56 72
00022 - 08 17 29 36 40 53 78
00023 - 08 17 29 36 40 56 79
00024 - 08 17 29 36 46 56 72
00025 - 08 17 29 56 72 78 79
00026 - 08 17 30 31 33 36 40
00027 - 08 17 30 31 33 46 72
00028 - 08 17 30 31 33 56 79
00029 - 08 17 30 31 36 53 56
00030 - 08 17 30 31 36 72 78
00031 - 08 17 30 31 40 46 53
00032 - 08 17 30 31 40 78 79
00033 - 08 17 30 33 36 46 53
00034 - 08 17 30 33 40 46 56
00035 - 08 17 30 33 46 78 79
00036 - 08 17 30 36 40 53 72
00037 - 08 17 30 36 53 78 79
00038 - 08 17 30 40 46 72 79
00039 - 08 17 30 40 53 56 78
00040 - 08 17 31 36 46 53 56
00041 - 08 22 29 30 31 33 79
00042 - 08 22 29 30 31 36 78
00043 - 08 22 29 30 31 46 53
00044 - 08 22 29 30 31 56 72
00045 - 08 22 29 30 33 36 40
00046 - 08 22 29 30 33 53 56
00047 - 08 22 29 30 33 72 78
00048 - 08 22 29 30 36 46 72
00049 - 08 22 29 30 36 56 79
00050 - 08 22 29 30 40 46 79
00051 - 08 22 29 30 40 53 78
00052 - 08 22 29 30 40 56 72
00053 - 08 22 29 30 46 56 78
00054 - 08 22 29 30 53 72 79
00055 - 08 22 31 33 36 46 56
00056 - 08 22 31 33 36 53 72
00057 - 08 22 31 33 40 46 78
00058 - 08 22 31 36 40 53 79
00059 - 08 22 31 46 72 78 79
00060 - 08 22 31 53 56 78 79
00061 - 08 22 33 40 46 53 72
00062 - 08 22 33 40 56 78 79
00063 - 08 22 33 46 56 72 79
00064 - 08 22 36 40 46 53 56
00065 - 08 22 36 40 72 78 79
00066 - 08 22 36 53 56 72 78
00067 - 08 29 31 33 36 78 79
00068 - 08 29 31 33 40 53 56
00069 - 08 29 31 33 40 72 79
00070 - 08 29 31 36 40 46 72
00071 - 08 29 31 36 40 56 78
00072 - 08 29 31 40 46 56 79
00073 - 08 29 31 40 53 72 78
00074 - 08 29 33 36 46 72 78
00075 - 08 29 33 36 53 56 79
00076 - 08 29 33 46 53 56 78
00077 - 08 29 36 46 53 72 79
00078 - 08 29 40 46 53 78 79
00079 - 08 30 31 33 40 56 72
00080 - 08 30 31 33 46 53 79
00081 - 08 30 31 33 56 72 78
00082 - 08 30 31 36 46 53 78
00083 - 08 30 31 36 56 72 79
00084 - 08 30 31 46 53 56 72
00085 - 08 30 33 36 40 46 79
00086 - 08 30 33 36 40 53 78
00087 - 08 30 33 36 40 56 72
00088 - 08 30 33 53 72 78 79
00089 - 08 30 36 46 56 78 79
00090 - 08 30 40 46 56 72 78
00091 - 08 30 40 53 56 72 79
00092 - 17 22 29 31 33 36 40
00093 - 17 22 29 31 33 46 72
00094 - 17 22 29 31 33 56 79
00095 - 17 22 29 31 36 53 56
00096 - 17 22 29 31 36 72 78
00097 - 17 22 29 31 40 46 53
00098 - 17 22 29 31 40 78 79
00099 - 17 22 29 33 36 46 53
00100 - 17 22 29 33 40 46 56
00101 - 17 22 29 33 46 78 79
00102 - 17 22 29 36 40 53 72
00103 - 17 22 29 36 53 78 79
00104 - 17 22 29 40 46 72 79
00105 - 17 22 29 40 53 56 78
00106 - 17 22 30 31 33 40 46
00107 - 17 22 30 31 36 53 78
00108 - 17 22 30 31 46 56 78
00109 - 17 22 30 31 53 72 79
00110 - 17 22 30 33 36 46 79
00111 - 17 22 30 33 40 72 78
00112 - 17 22 30 33 53 56 72
00113 - 17 22 30 36 40 46 53
00114 - 17 22 30 36 40 56 79
00115 - 17 22 30 36 46 56 72
00116 - 17 22 30 56 72 78 79
00117 - 17 29 30 31 33 53 78
00118 - 17 29 30 31 36 46 79
00119 - 17 29 30 31 40 56 72
00120 - 17 29 30 33 36 56 78
00121 - 17 29 30 33 36 72 79
00122 - 17 29 30 33 40 53 79
00123 - 17 29 30 36 40 46 78
00124 - 17 29 30 46 53 56 79
00125 - 17 29 30 46 53 72 78
00126 - 17 31 33 36 40 56 78
00127 - 17 31 33 36 46 72 78
00128 - 17 31 33 36 46 78 79
00129 - 17 31 33 40 53 72 79
00130 - 17 31 33 46 53 56 72
00131 - 17 31 36 40 46 56 79
00132 - 17 31 36 40 53 56 72
00133 - 17 31 36 46 53 72 79
00134 - 17 31 40 46 53 72 78
00135 - 17 31 53 56 72 78 79
00136 - 17 33 36 40 46 56 72
00137 - 17 33 36 40 53 56 79
00138 - 17 33 36 53 56 72 78
00139 - 17 33 40 46 53 78 79
00140 - 17 33 46 56 72 78 79
00141 - 17 36 40 46 53 56 78
00142 - 17 36 40 56 72 78 79
00143 - 22 29 31 33 46 53 79
00144 - 22 29 31 33 56 72 78
00145 - 22 29 31 36 46 53 78
00146 - 22 29 31 36 56 72 79
00147 - 22 29 31 40 56 72 78
00148 - 22 29 31 46 53 56 72
00149 - 22 29 33 36 40 46 79
00150 - 22 29 33 36 40 53 78
00151 - 22 29 33 36 40 56 72
00152 - 22 29 33 53 72 78 79
00153 - 22 29 36 46 56 78 79
00154 - 22 29 40 46 56 72 78
00155 - 22 29 40 53 56 72 79
00156 - 22 30 31 33 36 78 79
00157 - 22 30 31 33 40 53 56
00158 - 22 30 31 33 40 72 79
00159 - 22 30 31 36 40 46 72
00160 - 22 30 31 36 40 56 78
00161 - 22 30 31 40 46 56 79
00162 - 22 30 31 40 53 72 78
00163 - 22 30 33 36 46 72 78
00164 - 22 30 33 36 53 56 79
00165 - 22 30 33 46 53 56 78
00166 - 22 30 36 46 53 72 79
00167 - 22 30 40 46 53 78 79
00168 - 29 30 31 33 36 46 56
00169 - 29 30 31 33 36 53 72
00170 - 29 30 31 33 40 46 78
00171 - 29 30 31 36 40 53 79
00172 - 29 30 31 46 72 78 79
00173 - 29 30 31 53 56 78 79
00174 - 29 30 33 40 46 53 72
00175 - 29 30 33 40 56 78 79
00176 - 29 30 33 46 56 72 79
00177 - 29 30 36 40 46 53 56
00178 - 29 30 36 40 72 78 79
00179 - 29 30 36 53 56 72 78
00180 - 31 33 36 40 46 53 78
00181 - 31 33 36 40 53 72 78
00182 - 31 33 36 40 72 78 79
00183 - 31 33 36 46 56 72 78
00184 - 31 33 36 53 56 78 79
00185 - 31 33 40 46 56 72 79
00186 - 31 40 46 53 56 78 79
00187 - 33 36 46 53 56 72 79
00188 - 33 40 46 53 56 72 78
00189 - 36 40 46 53 72 78 79