00001 - 01 02 03 58 75
00002 - 01 02 03 62 63
00003 - 01 02 03 64 65
00004 - 01 02 04 19 54
00005 - 01 02 05 27 50
00006 - 01 02 09 20 49
00007 - 01 02 10 50 79
00008 - 01 02 10 55 66
00009 - 01 02 10 69 76
00010 - 01 02 13 24 46
00011 - 01 02 14 36 42
00012 - 01 02 15 28 40
00013 - 01 02 16 22 51
00014 - 01 02 16 30 43
00015 - 01 02 64 65 75
00016 - 01 02 69 76 79
00017 - 01 03 04 22 49
00018 - 01 03 05 20 51
00019 - 01 03 09 27 54
00020 - 01 03 16 19 50
00021 - 01 04 05 58 75
00022 - 01 04 05 62 64
00023 - 01 04 05 63 65
00024 - 01 04 09 50 51
00025 - 01 04 16 20 27
00026 - 01 05 09 19 22
00027 - 01 05 16 49 54
00028 - 01 09 16 58 75
00029 - 01 09 16 62 65
00030 - 01 09 16 63 64
00031 - 01 10 13 30 40
00032 - 01 10 14 28 43
00033 - 01 10 15 36 46
00034 - 01 10 16 24 42
00035 - 01 13 14 50 79
00036 - 01 13 14 55 69
00037 - 01 13 14 66 76
00038 - 01 13 15 42 43
00039 - 01 13 16 28 36
00040 - 01 14 15 24 30
00041 - 01 14 16 40 46
00042 - 01 15 16 50 79
00043 - 01 15 16 55 76
00044 - 01 15 16 66 69
00045 - 01 19 20 58 63
00046 - 01 19 20 62 75
00047 - 01 19 20 64 65
00048 - 01 19 27 49 51
00049 - 01 20 22 50 54
00050 - 01 22 27 58 62
00051 - 01 22 27 63 75
00052 - 01 22 27 64 65
00053 - 01 24 28 50 66
00054 - 01 24 28 55 79
00055 - 01 24 28 69 76
00056 - 01 24 36 40 43
00057 - 01 28 30 42 46
00058 - 01 30 36 50 55
00059 - 01 30 36 66 79
00060 - 01 30 36 69 76
00061 - 01 40 42 50 76
00062 - 01 40 42 55 66
00063 - 01 40 42 69 79
00064 - 01 43 46 50 69
00065 - 01 43 46 55 66
00066 - 01 43 46 76 79
00067 - 01 49 50 58 65
00068 - 01 49 50 62 63
00069 - 01 49 50 64 75
00070 - 01 51 54 58 64
00071 - 01 51 54 62 63
00072 - 01 51 54 65 75
00073 - 02 03 04 27 51
00074 - 02 03 04 69 79
00075 - 02 03 04 70 71
00076 - 02 03 04 74 78
00077 - 02 03 05 14 56
00078 - 02 03 05 19 49
00079 - 02 03 09 22 50
00080 - 02 03 11 25 49
00081 - 02 03 12 15 26
00082 - 02 03 13 17 50
00083 - 02 03 16 20 54
00084 - 02 03 19 55 80
00085 - 02 03 19 65 70
00086 - 02 03 19 73 74
00087 - 02 03 20 31 54
00088 - 02 03 21 46 52
00089 - 02 03 24 37 48
00090 - 02 03 28 38 53
00091 - 02 03 73 74 80
00092 - 02 03 74 78 79
00093 - 02 04 05 17 26
00094 - 02 04 05 20 22
00095 - 02 04 09 58 62
00096 - 02 04 09 63 75
00097 - 02 04 09 64 65
00098 - 02 04 11 15 50
00099 - 02 04 12 25 56
00100 - 02 04 13 14 49
00101 - 02 04 16 49 50
00102 - 02 05 07 56 80
00103 - 02 05 07 66 67
00104 - 02 05 07 71 79
00105 - 02 05 08 55 80
00106 - 02 05 08 64 67
00107 - 02 05 08 69 74
00108 - 02 05 09 51 54
00109 - 02 05 10 37 51
00110 - 02 05 11 69 79
00111 - 02 05 11 70 74
00112 - 02 05 11 71 78
00113 - 02 05 12 49 50
00114 - 02 05 13 15 25
00115 - 02 05 16 58 63
00116 - 02 05 16 62 75
00117 - 02 05 16 64 65
00118 - 02 05 18 44 46
00119 - 02 05 19 34 51
00120 - 02 05 20 39 45
00121 - 02 05 24 40 45
00122 - 02 05 25 37 44
00123 - 02 05 30 39 47
00124 - 02 05 30 40 47
00125 - 02 05 69 74 80
00126 - 02 05 71 79 80
00127 - 02 07 19 39 44
00128 - 02 07 24 37 47
00129 - 02 07 25 40 51
00130 - 02 07 30 34 45
00131 - 02 08 10 40 45
00132 - 02 08 18 39 47
00133 - 02 08 20 44 51
00134 - 02 08 21 59 78
00135 - 02 08 21 63 72
00136 - 02 08 21 74 75
00137 - 02 08 25 37 56
00138 - 02 08 28 40 42
00139 - 02 08 29 38 41
00140 - 02 08 30 37 46
00141 - 02 08 30 39 43
00142 - 02 08 74 75 78
00143 - 02 09 16 19 27
00144 - 02 10 13 36 43
00145 - 02 10 14 24 40
00146 - 02 10 15 30 42
00147 - 02 10 16 28 46
00148 - 02 10 18 55 80
00149 - 02 10 18 64 69
00150 - 02 10 18 67 74
00151 - 02 10 20 46 47
00152 - 02 10 30 39 44
00153 - 02 11 12 14 17
00154 - 02 11 13 26 56
00155 - 02 12 13 69 79
00156 - 02 12 13 70 78
00157 - 02 12 13 71 74
00158 - 02 13 14 28 30
00159 - 02 13 15 50 55
00160 - 02 13 15 66 79
00161 - 02 13 15 69 76
00162 - 02 13 16 40 42
00163 - 02 14 15 43 46
00164 - 02 14 15 69 71
00165 - 02 14 15 70 79
00166 - 02 14 15 74 78
00167 - 02 14 16 50 66
00168 - 02 14 16 55 79
00169 - 02 14 16 69 76
00170 - 02 14 25 26 50
00171 - 02 15 16 24 36
00172 - 02 15 17 49 56
00173 - 02 17 25 69 70
00174 - 02 17 25 71 79
00175 - 02 17 25 74 78
00176 - 02 18 20 37 40
00177 - 02 18 30 45 51
00178 - 02 19 20 38 48
00179 - 02 19 20 50 51
00180 - 02 19 21 37 53
00181 - 02 19 22 58 65
00182 - 02 19 22 62 63
00183 - 02 19 22 64 75
00184 - 02 19 24 46 54
00185 - 02 19 24 56 80
00186 - 02 19 24 66 71
00187 - 02 19 24 67 79
00188 - 02 19 25 45 47
00189 - 02 19 28 31 52
00190 - 02 19 30 37 40
00191 - 02 20 21 55 80
00192 - 02 20 21 65 73
00193 - 02 20 21 70 74
00194 - 02 20 24 52 53
00195 - 02 20 27 58 64
00196 - 02 20 27 62 63
00197 - 02 20 27 65 75
00198 - 02 20 28 37 46
00199 - 02 20 30 55 80
00200 - 02 20 30 64 74
00201 - 02 20 30 67 69
00202 - 02 21 24 31 38
00203 - 02 21 25 39 41
00204 - 02 21 28 38 43
00205 - 02 21 28 48 54
00206 - 02 21 29 40 56
00207 - 02 21 30 37 42
00208 - 02 22 27 49 54
00209 - 02 24 25 34 39
00210 - 02 24 28 42 43
00211 - 02 24 28 55 80
00212 - 02 24 28 65 74
00213 - 02 24 28 70 73
00214 - 02 24 30 44 51
00215 - 02 24 30 50 76
00216 - 02 24 30 55 66
00217 - 02 24 30 69 79
00218 - 02 25 28 59 78
00219 - 02 25 28 63 74
00220 - 02 25 28 72 75
00221 - 02 25 29 42 43
00222 - 02 25 30 38 40
00223 - 02 25 30 56 80
00224 - 02 25 30 66 79
00225 - 02 25 30 67 71
00226 - 02 26 49 69 78
00227 - 02 26 49 70 71
00228 - 02 26 49 74 79
00229 - 02 28 29 37 39
00230 - 02 28 30 41 56
00231 - 02 28 36 50 69
00232 - 02 28 36 55 66
00233 - 02 28 36 76 79
00234 - 02 29 30 59 78
00235 - 02 29 30 63 75
00236 - 02 29 30 72 74
00237 - 02 30 36 40 46
00238 - 02 31 37 55 70
00239 - 02 31 37 65 80
00240 - 02 31 37 73 74
00241 - 02 31 46 48 53
00242 - 02 34 37 56 67
00243 - 02 34 37 66 80
00244 - 02 34 37 71 79
00245 - 02 34 40 44 47
00246 - 02 37 38 52 54
00247 - 02 37 38 59 72
00248 - 02 37 38 63 78
00249 - 02 37 38 74 75
00250 - 02 37 39 45 51
00251 - 02 37 39 55 67
00252 - 02 37 39 64 80
00253 - 02 37 39 69 74
00254 - 02 37 40 41 43
00255 - 02 37 44 45 47
00256 - 02 38 39 42 56
00257 - 02 38 46 55 65
00258 - 02 38 46 70 80
00259 - 02 38 46 73 74
00260 - 02 39 40 46 51
00261 - 02 39 40 56 66
00262 - 02 39 40 59 63
00263 - 02 39 40 67 80
00264 - 02 39 40 71 79
00265 - 02 39 40 72 78
00266 - 02 39 40 74 75
00267 - 02 40 43 50 79
00268 - 02 40 43 55 76
00269 - 02 40 43 66 69
00270 - 02 40 44 55 64
00271 - 02 40 44 67 80
00272 - 02 40 44 69 74
00273 - 02 41 42 59 75
00274 - 02 41 42 63 72
00275 - 02 41 42 74 78
00276 - 02 42 46 50 79
00277 - 02 42 46 55 69
00278 - 02 42 46 66 76
00279 - 02 43 56 59 74
00280 - 02 43 56 63 72
00281 - 02 43 56 75 78
00282 - 02 44 45 56 79
00283 - 02 44 45 66 67
00284 - 02 44 45 71 80
00285 - 02 45 46 55 74
00286 - 02 45 46 64 67
00287 - 02 45 46 69 80
00288 - 02 47 51 55 69
00289 - 02 47 51 56 71
00290 - 02 47 51 64 67
00291 - 02 47 51 66 67
00292 - 02 47 51 74 80
00293 - 02 47 51 79 80
00294 - 02 48 52 55 74
00295 - 02 48 52 65 70
00296 - 02 48 52 73 80
00297 - 02 49 51 58 75
00298 - 02 49 51 62 65
00299 - 02 49 51 63 64
00300 - 02 50 54 58 75
00301 - 02 50 54 62 64
00302 - 02 50 54 63 65
00303 - 02 50 56 69 74
00304 - 02 50 56 70 71
00305 - 02 50 56 78 79
00306 - 02 53 54 55 73
00307 - 02 53 54 65 70
00308 - 02 53 54 74 80
00309 - 03 04 05 25 50
00310 - 03 04 05 50 54
00311 - 03 04 07 62 80
00312 - 03 04 07 67 76
00313 - 03 04 07 77 79
00314 - 03 04 08 24 55
00315 - 03 04 09 19 20
00316 - 03 04 11 14 26
00317 - 03 04 11 38 44
00318 - 03 04 12 17 49
00319 - 03 04 13 15 56
00320 - 03 04 13 26 40
00321 - 03 04 16 32 53
00322 - 03 04 16 58 64
00323 - 03 04 16 62 63
00324 - 03 04 16 65 75
00325 - 03 04 77 79 80
00326 - 03 05 06 68 80
00327 - 03 05 06 69 71
00328 - 03 05 06 72 77
00329 - 03 05 08 37 62
00330 - 03 05 09 58 65
00331 - 03 05 09 62 63
00332 - 03 05 09 64 75
00333 - 03 05 11 15 17
00334 - 03 05 12 69 70
00335 - 03 05 12 71 79
00336 - 03 05 12 74 78
00337 - 03 05 13 26 49
00338 - 03 05 15 61 74
00339 - 03 05 15 63 68
00340 - 03 05 15 69 70
00341 - 03 05 16 22 27
00342 - 03 05 17 25 53
00343 - 03 05 21 38 43
00344 - 03 05 21 47 56
00345 - 03 05 23 36 39
00346 - 03 05 24 37 46
00347 - 03 05 26 43 48
00348 - 03 05 32 45 61
00349 - 03 05 69 70 74
00350 - 03 05 72 77 80
00351 - 03 06 08 45 48
00352 - 03 06 21 43 61
00353 - 03 06 26 47 62
00354 - 03 06 32 37 56
00355 - 03 07 08 32 40
00356 - 03 07 11 26 53
00357 - 03 07 13 38 55
00358 - 03 07 16 24 44
00359 - 03 07 18 73 80
00360 - 03 07 18 76 77
00361 - 03 07 18 78 79
00362 - 03 07 20 42 69
00363 - 03 07 22 46 57
00364 - 03 07 23 43 47
00365 - 03 07 34 44 59
00366 - 03 07 78 79 80
00367 - 03 08 11 62 80
00368 - 03 08 11 67 77
00369 - 03 08 11 76 79
00370 - 03 08 13 44 53
00371 - 03 08 16 26 38
00372 - 03 08 21 68 80
00373 - 03 08 21 69 72
00374 - 03 08 21 71 77
00375 - 03 08 26 56 61
00376 - 03 08 32 43 47
00377 - 03 09 16 49 51
00378 - 03 11 12 50 56
00379 - 03 11 13 24 32
00380 - 03 11 13 69 71
00381 - 03 11 13 70 79
00382 - 03 11 13 74 78
00383 - 03 11 16 40 55
00384 - 03 12 13 14 25
00385 - 03 13 16 62 80
00386 - 03 13 16 67 79
00387 - 03 13 16 76 77
00388 - 03 14 15 49 50
00389 - 03 14 17 69 78
00390 - 03 14 17 70 71
00391 - 03 14 17 74 79
00392 - 03 15 17 37 39
00393 - 03 15 21 36 46
00394 - 03 15 23 38 53
00395 - 03 15 24 25 43
00396 - 03 15 25 69 74
00397 - 03 15 25 70 71
00398 - 03 15 25 78 79
00399 - 03 17 21 61 74
00400 - 03 17 21 63 69
00401 - 03 17 21 68 70
00402 - 03 17 23 43 46
00403 - 03 17 24 36 38
00404 - 03 17 25 26 56
00405 - 03 18 20 44 47
00406 - 03 18 22 43 59
00407 - 03 18 23 46 69
00408 - 03 18 34 42 57
00409 - 03 19 20 46 53
00410 - 03 19 21 31 48
00411 - 03 19 22 51 54
00412 - 03 19 24 38 52
00413 - 03 19 27 58 75
00414 - 03 19 27 62 65
00415 - 03 19 27 63 64
00416 - 03 19 28 37 54
00417 - 03 20 21 37 38
00418 - 03 20 22 58 75
00419 - 03 20 22 62 64
00420 - 03 20 22 63 65
00421 - 03 20 22 73 80
00422 - 03 20 22 76 78
00423 - 03 20 22 77 79
00424 - 03 20 23 57 59
00425 - 03 20 24 55 65
00426 - 03 20 24 70 80
00427 - 03 20 24 73 74
00428 - 03 20 27 49 50
00429 - 03 20 28 48 52
00430 - 03 20 34 43 46
00431 - 03 21 23 25 37
00432 - 03 21 24 39 53
00433 - 03 21 24 53 54
00434 - 03 21 26 37 45
00435 - 03 21 28 55 70
00436 - 03 21 28 65 80
00437 - 03 21 28 73 74
00438 - 03 21 32 48 62
00439 - 03 22 23 42 44
00440 - 03 22 34 47 69
00441 - 03 23 24 61 74
00442 - 03 23 24 63 70
00443 - 03 23 24 68 69
00444 - 03 23 34 73 80
00445 - 03 23 34 76 79
00446 - 03 23 34 77 78
00447 - 03 24 26 62 76
00448 - 03 24 26 67 80
00449 - 03 24 26 77 79
00450 - 03 24 28 31 46
00451 - 03 24 38 40 53
00452 - 03 25 36 61 68
00453 - 03 25 36 63 74
00454 - 03 25 36 69 70
00455 - 03 25 38 39 46
00456 - 03 26 32 44 55
00457 - 03 26 32 68 80
00458 - 03 26 32 69 77
00459 - 03 26 32 71 72
00460 - 03 26 50 69 79
00461 - 03 26 50 70 78
00462 - 03 26 50 71 74
00463 - 03 31 37 52 53
00464 - 03 31 38 55 74
00465 - 03 31 38 65 70
00466 - 03 31 38 73 80
00467 - 03 32 38 62 67
00468 - 03 32 38 76 80
00469 - 03 32 38 77 79
00470 - 03 36 37 43 53
00471 - 03 37 38 61 63
00472 - 03 37 38 68 74
00473 - 03 37 38 69 70
00474 - 03 37 43 68 71
00475 - 03 37 43 69 80
00476 - 03 37 43 72 77
00477 - 03 37 46 55 73
00478 - 03 37 46 65 70
00479 - 03 37 46 74 80
00480 - 03 37 47 48 61
00481 - 03 38 46 48 54
00482 - 03 39 43 61 70
00483 - 03 39 43 63 68
00484 - 03 39 43 69 74
00485 - 03 40 44 62 79
00486 - 03 40 44 67 76
00487 - 03 40 44 77 80
00488 - 03 42 43 73 77
00489 - 03 42 43 76 80
00490 - 03 42 43 78 79
00491 - 03 42 46 47 59
00492 - 03 43 44 57 69
00493 - 03 43 45 56 62
00494 - 03 44 46 73 76
00495 - 03 44 46 77 80
00496 - 03 44 46 78 79
00497 - 03 45 47 68 69
00498 - 03 45 47 71 80
00499 - 03 45 47 72 77
00500 - 03 46 53 61 69
00501 - 03 46 53 63 68
00502 - 03 46 53 70 74
00503 - 03 47 57 73 79
00504 - 03 47 57 76 77
00505 - 03 47 57 78 80
00506 - 03 48 53 55 80
00507 - 03 48 53 65 74
00508 - 03 48 53 70 73
00509 - 03 48 56 68 77
00510 - 03 48 56 69 71
00511 - 03 48 56 72 80
00512 - 03 49 54 58 63
00513 - 03 49 54 62 75
00514 - 03 49 54 64 65
00515 - 03 49 56 69 79
00516 - 03 49 56 70 74
00517 - 03 49 56 71 78
00518 - 03 50 51 58 62
00519 - 03 50 51 63 75
00520 - 03 50 51 64 65
00521 - 03 52 54 55 80
00522 - 03 52 54 65 73
00523 - 03 52 54 70 74
00524 - 03 53 55 62 77
00525 - 03 53 55 67 76
00526 - 03 53 55 79 80
00527 - 03 59 69 73 78
00528 - 03 59 69 76 77
00529 - 03 59 69 79 80
00530 - 03 61 62 68 72
00531 - 03 61 62 69 71
00532 - 03 61 62 77 80
00533 - 04 05 09 27 49
00534 - 04 05 11 49 56
00535 - 04 05 12 14 15
00536 - 04 05 13 69 74
00537 - 04 05 13 70 71
00538 - 04 05 13 78 79
00539 - 04 05 16 19 51
00540 - 04 07 08 38 53
00541 - 04 07 11 24 40
00542 - 04 07 13 32 44
00543 - 04 07 16 26 55
00544 - 04 08 11 26 32
00545 - 04 08 13 62 67
00546 - 04 08 13 76 80
00547 - 04 08 13 77 79
00548 - 04 08 16 40 44
00549 - 04 09 16 22 54
00550 - 04 11 12 69 78
00551 - 04 11 12 70 71
00552 - 04 11 12 74 79
00553 - 04 11 13 17 25
00554 - 04 11 13 53 55
00555 - 04 11 16 62 76
00556 - 04 11 16 67 80
00557 - 04 11 16 77 79
00558 - 04 12 13 26 50
00559 - 04 13 16 24 38
00560 - 04 14 17 50 56
00561 - 04 14 25 69 79
00562 - 04 14 25 70 78
00563 - 04 14 25 71 74
00564 - 04 15 17 69 79
00565 - 04 15 17 70 74
00566 - 04 15 17 71 78
00567 - 04 15 25 26 49
00568 - 04 19 22 27 50
00569 - 04 19 49 58 75
00570 - 04 19 49 62 63
00571 - 04 19 49 64 65
00572 - 04 20 49 51 54
00573 - 04 20 50 58 75
00574 - 04 20 50 62 65
00575 - 04 20 50 63 64
00576 - 04 22 51 58 63
00577 - 04 22 51 62 75
00578 - 04 22 51 64 65
00579 - 04 24 26 44 53
00580 - 04 24 32 62 79
00581 - 04 24 32 67 76
00582 - 04 24 32 77 80
00583 - 04 26 38 62 77
00584 - 04 26 38 67 76
00585 - 04 26 38 79 80
00586 - 04 26 56 69 71
00587 - 04 26 56 70 79
00588 - 04 26 56 74 78
00589 - 04 27 54 58 65
00590 - 04 27 54 62 63
00591 - 04 27 54 64 75
00592 - 04 32 38 40 55
00593 - 04 40 53 62 80
00594 - 04 40 53 67 79
00595 - 04 40 53 76 77
00596 - 04 44 55 62 80
00597 - 04 44 55 67 77
00598 - 04 44 55 76 79
00599 - 04 49 50 69 70
00600 - 04 49 50 71 79
00601 - 04 49 50 74 78
00602 - 05 06 07 74 80
00603 - 05 06 07 75 77
00604 - 05 06 07 78 79
00605 - 05 06 08 47 61
00606 - 05 06 10 47 70
00607 - 05 06 10 57 74
00608 - 05 06 10 58 59
00609 - 05 06 10 60 73
00610 - 05 06 11 20 55
00611 - 05 06 12 36 49
00612 - 05 06 14 62 67
00613 - 05 06 17 28 42
00614 - 05 06 19 29 50
00615 - 05 06 21 37 48
00616 - 05 06 26 45 56
00617 - 05 06 32 43 62
00618 - 05 06 40 60 66
00619 - 05 06 44 61 69
00620 - 05 06 60 73 74
00621 - 05 06 78 79 80
00622 - 05 07 10 61 66
00623 - 05 07 14 60 69
00624 - 05 07 19 40 47
00625 - 05 07 24 34 44
00626 - 05 07 25 39 45
00627 - 05 07 30 37 51
00628 - 05 07 40 62 70
00629 - 05 07 44 47 67
00630 - 05 08 10 44 47
00631 - 05 08 18 37 45
00632 - 05 08 20 40 46
00633 - 05 08 21 43 45
00634 - 05 08 26 68 69
00635 - 05 08 26 71 80
00636 - 05 08 26 72 77
00637 - 05 08 30 39 51
00638 - 05 08 32 48 56
00639 - 05 09 16 20 50
00640 - 05 10 11 29 42
00641 - 05 10 12 28 50
00642 - 05 10 14 74 80
00643 - 05 10 14 75 78
00644 - 05 10 14 77 79
00645 - 05 10 17 36 55
00646 - 05 10 18 39 40
00647 - 05 10 19 20 49
00648 - 05 10 20 55 64
00649 - 05 10 20 67 80
00650 - 05 10 20 69 74
00651 - 05 10 30 45 46
00652 - 05 10 40 67 69
00653 - 05 10 44 60 62
00654 - 05 11 12 25 26
00655 - 05 11 12 57 74
00656 - 05 11 12 58 60
00657 - 05 11 12 59 73
00658 - 05 11 13 14 50
00659 - 05 11 17 49 50
00660 - 05 11 19 28 36
00661 - 05 11 19 62 80
00662 - 05 11 19 65 68
00663 - 05 11 19 71 79
00664 - 05 11 22 42 55
00665 - 05 11 23 46 52
00666 - 05 11 38 43 48
00667 - 05 11 40 45 54
00668 - 05 11 71 79 80
00669 - 05 12 13 17 56
00670 - 05 12 17 20 29
00671 - 05 12 19 42 55
00672 - 05 14 17 25 49
00673 - 05 14 26 69 79
00674 - 05 14 26 70 71
00675 - 05 14 26 74 78
00676 - 05 14 40 47 61
00677 - 05 14 44 66 70
00678 - 05 15 17 38 46
00679 - 05 15 21 25 39
00680 - 05 15 23 37 43
00681 - 05 15 24 36 53
00682 - 05 15 26 50 56
00683 - 05 15 49 69 79
00684 - 05 15 49 70 78
00685 - 05 15 49 71 74
00686 - 05 17 19 57 74
00687 - 05 17 19 58 73
00688 - 05 17 19 59 60
00689 - 05 17 21 36 37
00690 - 05 17 23 61 63
00691 - 05 17 23 68 74
00692 - 05 17 23 69 70
00693 - 05 17 24 39 43
00694 - 05 17 50 69 71
00695 - 05 17 50 70 79
00696 - 05 17 50 74 78
00697 - 05 18 20 47 51
00698 - 05 18 30 55 67
00699 - 05 18 30 64 80
00700 - 05 18 30 69 74
00701 - 05 19 20 27 54
00702 - 05 19 22 45 48
00703 - 05 19 23 43 54
00704 - 05 19 24 37 39
00705 - 05 19 25 56 66
00706 - 05 19 25 67 80
00707 - 05 19 25 71 79
00708 - 05 19 30 44 45
00709 - 05 19 38 46 55
00710 - 05 19 40 42 52
00711 - 05 19 50 58 64
00712 - 05 19 50 62 63
00713 - 05 19 50 65 75
00714 - 05 20 28 57 59
00715 - 05 20 28 58 74
00716 - 05 20 28 60 73
00717 - 05 20 30 37 44
00718 - 05 20 36 42 50
00719 - 05 20 49 58 62
00720 - 05 20 49 63 75
00721 - 05 20 49 64 65
00722 - 05 21 23 46 53
00723 - 05 21 24 61 68
00724 - 05 21 24 63 74
00725 - 05 21 24 69 70
00726 - 05 21 26 61 62
00727 - 05 21 32 68 71
00728 - 05 21 32 69 80
00729 - 05 21 32 72 77
00730 - 05 22 23 62 80
00731 - 05 22 23 65 71
00732 - 05 22 23 68 79
00733 - 05 22 38 52 54
00734 - 05 22 40 43 46
00735 - 05 22 49 50 51
00736 - 05 22 54 58 75
00737 - 05 22 54 62 65
00738 - 05 22 54 63 64
00739 - 05 23 24 25 38
00740 - 05 23 38 42 45
00741 - 05 23 40 48 55
00742 - 05 24 25 47 51
00743 - 05 24 30 56 67
00744 - 05 24 30 66 80
00745 - 05 24 30 71 79
00746 - 05 25 30 34 40
00747 - 05 25 36 43 46
00748 - 05 25 37 61 70
00749 - 05 25 37 63 68
00750 - 05 25 37 69 74
00751 - 05 25 56 69 78
00752 - 05 25 56 70 71
00753 - 05 25 56 74 79
00754 - 05 26 32 37 47
00755 - 05 27 51 58 75
00756 - 05 27 51 62 63
00757 - 05 27 51 64 65
00758 - 05 28 29 49 55
00759 - 05 29 36 57 58
00760 - 05 29 36 59 74
00761 - 05 29 36 60 73
00762 - 05 34 37 45 47
00763 - 05 34 39 56 79
00764 - 05 34 39 66 67
00765 - 05 34 39 71 80
00766 - 05 36 38 61 69
00767 - 05 36 38 63 68
00768 - 05 36 38 70 74
00769 - 05 37 38 39 53
00770 - 05 37 39 46 47
00771 - 05 37 40 55 74
00772 - 05 37 40 56 71
00773 - 05 37 40 64 67
00774 - 05 37 40 66 67
00775 - 05 37 40 69 80
00776 - 05 37 40 79 80
00777 - 05 37 43 56 61
00778 - 05 37 45 68 77
00779 - 05 37 45 69 71
00780 - 05 37 45 72 80
00781 - 05 38 40 62 80
00782 - 05 38 40 65 79
00783 - 05 38 40 68 71
00784 - 05 39 40 44 51
00785 - 05 39 44 55 69
00786 - 05 39 44 64 67
00787 - 05 39 44 74 80
00788 - 05 39 46 61 74
00789 - 05 39 46 63 70
00790 - 05 39 46 68 69
00791 - 05 40 44 45 51
00792 - 05 40 44 74 80
00793 - 05 40 44 75 79
00794 - 05 40 44 77 78
00795 - 05 42 43 62 68
00796 - 05 42 43 65 80
00797 - 05 42 43 71 79
00798 - 05 42 46 48 54
00799 - 05 42 49 57 73
00800 - 05 42 49 58 59
00801 - 05 42 49 60 74
00802 - 05 43 45 52 55
00803 - 05 43 47 68 72
00804 - 05 43 47 69 71
00805 - 05 43 47 77 80
00806 - 05 43 53 61 74
00807 - 05 43 53 63 69
00808 - 05 43 53 68 70
00809 - 05 44 47 56 80
00810 - 05 44 47 66 79
00811 - 05 44 47 67 71
00812 - 05 45 46 62 65
00813 - 05 45 46 68 80
00814 - 05 45 46 71 79
00815 - 05 45 47 48 62
00816 - 05 45 47 55 80
00817 - 05 45 47 64 74
00818 - 05 45 47 67 69
00819 - 05 45 51 56 80
00820 - 05 45 51 66 71
00821 - 05 45 51 67 79
00822 - 05 46 51 55 80
00823 - 05 46 51 64 69
00824 - 05 46 51 67 74
00825 - 05 47 60 74 77
00826 - 05 47 60 75 80
00827 - 05 47 60 78 79
00828 - 05 47 62 66 69
00829 - 05 48 52 62 79
00830 - 05 48 52 65 68
00831 - 05 48 52 71 80
00832 - 05 48 61 68 80
00833 - 05 48 61 69 77
00834 - 05 48 61 71 72
00835 - 05 50 55 57 60
00836 - 05 50 55 58 59
00837 - 05 50 55 73 74
00838 - 05 54 55 62 71
00839 - 05 54 55 65 68
00840 - 05 54 55 79 80
00841 - 05 56 62 68 80
00842 - 05 56 62 69 72
00843 - 05 56 62 71 77
00844 - 05 60 61 67 70
00845 - 05 61 62 74 75
00846 - 05 61 62 77 80
00847 - 05 61 62 78 79
00848 - 05 66 67 74 79
00849 - 05 66 67 75 77
00850 - 05 66 67 78 80
00851 - 05 69 70 74 78
00852 - 05 69 70 75 77
00853 - 05 69 70 79 80
00854 - 06 07 08 59 74
00855 - 06 07 08 65 68
00856 - 06 07 08 69 71
00857 - 06 07 10 62 69
00858 - 06 07 14 47 66
00859 - 06 07 19 41 51
00860 - 06 07 34 44 48
00861 - 06 07 36 42 45
00862 - 06 07 39 43 49
00863 - 06 07 40 61 67
00864 - 06 07 44 60 70
00865 - 06 07 69 71 74
00866 - 06 08 19 43 45
00867 - 06 08 21 56 62
00868 - 06 08 26 37 43
00869 - 06 08 32 68 72
00870 - 06 08 32 69 71
00871 - 06 08 32 77 80
00872 - 06 08 34 42 49
00873 - 06 08 36 44 51
00874 - 06 08 39 41 48
00875 - 06 10 11 36 50
00876 - 06 10 12 20 42
00877 - 06 10 14 60 61
00878 - 06 10 17 29 49
00879 - 06 10 19 28 55
00880 - 06 10 40 74 75
00881 - 06 10 40 77 80
00882 - 06 10 40 78 79
00883 - 06 10 44 66 67
00884 - 06 11 12 28 29
00885 - 06 11 17 57 58
00886 - 06 11 17 59 74
00887 - 06 11 17 60 73
00888 - 06 11 19 42 49
00889 - 06 12 17 50 55
00890 - 06 12 19 57 59
00891 - 06 12 19 58 74
00892 - 06 12 19 60 73
00893 - 06 14 40 69 70
00894 - 06 14 44 74 77
00895 - 06 14 44 75 80
00896 - 06 14 44 78 79
00897 - 06 17 19 20 36
00898 - 06 19 34 59 74
00899 - 06 19 34 65 69
00900 - 06 19 34 68 71
00901 - 06 19 36 48 49
00902 - 06 19 39 42 44
00903 - 06 20 28 49 50
00904 - 06 20 29 57 73
00905 - 06 20 29 58 59
00906 - 06 20 29 60 74
00907 - 06 21 26 68 77
00908 - 06 21 26 69 71
00909 - 06 21 26 72 80
00910 - 06 21 32 45 47
00911 - 06 26 32 48 61
00912 - 06 28 36 57 60
00913 - 06 28 36 58 59
00914 - 06 28 36 73 74
00915 - 06 29 36 42 55
00916 - 06 34 36 41 43
00917 - 06 34 39 45 51
00918 - 06 36 39 59 74
00919 - 06 36 39 65 71
00920 - 06 36 39 68 69
00921 - 06 37 45 61 62
00922 - 06 37 47 68 80
00923 - 06 37 47 69 77
00924 - 06 37 47 71 72
00925 - 06 40 44 47 62
00926 - 06 41 42 59 68
00927 - 06 41 42 65 74
00928 - 06 41 42 69 71
00929 - 06 41 44 45 49
00930 - 06 42 43 48 51
00931 - 06 42 50 57 74
00932 - 06 42 50 58 73
00933 - 06 42 50 59 60
00934 - 06 43 44 59 65
00935 - 06 43 44 68 74
00936 - 06 43 44 69 71
00937 - 06 43 45 68 80
00938 - 06 43 45 69 72
00939 - 06 43 45 71 77
00940 - 06 43 47 48 56
00941 - 06 45 48 59 71
00942 - 06 45 48 65 68
00943 - 06 45 48 69 74
00944 - 06 47 60 67 69
00945 - 06 47 61 74 79
00946 - 06 47 61 75 77
00947 - 06 47 61 78 80
00948 - 06 48 62 68 71
00949 - 06 48 62 69 80
00950 - 06 48 62 72 77
00951 - 06 49 51 59 69
00952 - 06 49 51 65 68
00953 - 06 49 51 71 74
00954 - 06 49 55 57 74
00955 - 06 49 55 58 60
00956 - 06 49 55 59 73
00957 - 06 56 61 68 69
00958 - 06 56 61 71 80
00959 - 06 56 61 72 77
00960 - 06 60 62 74 78
00961 - 06 60 62 75 77
00962 - 06 60 62 79 80
00963 - 06 61 62 66 70
00964 - 06 66 69 74 80
00965 - 06 66 69 75 79
00966 - 06 66 69 77 78
00967 - 06 67 70 74 80
00968 - 06 67 70 75 78
00969 - 06 67 70 77 79
00970 - 07 08 11 44 55
00971 - 07 08 13 24 26
00972 - 07 08 16 62 77
00973 - 07 08 16 67 76
00974 - 07 08 16 79 80
00975 - 07 08 19 44 49
00976 - 07 08 34 41 45
00977 - 07 08 36 43 48
00978 - 07 08 39 42 51
00979 - 07 10 14 67 70
00980 - 07 10 40 47 60
00981 - 07 10 44 74 78
00982 - 07 10 44 75 77
00983 - 07 10 44 79 80
00984 - 07 11 13 62 79
00985 - 07 11 13 67 76
00986 - 07 11 13 77 80
00987 - 07 11 16 32 38
00988 - 07 13 16 40 53
00989 - 07 14 40 74 79
00990 - 07 14 40 75 77
00991 - 07 14 40 78 80
00992 - 07 14 44 61 62
00993 - 07 18 20 46 59
00994 - 07 18 22 42 47
00995 - 07 18 23 44 57
00996 - 07 18 34 43 69
00997 - 07 19 24 45 51
00998 - 07 19 25 34 37
00999 - 07 19 30 56 71
01000 - 07 19 30 66 67
01001 - 07 19 30 79 80
01002 - 07 19 34 42 43
01003 - 07 19 36 59 65
01004 - 07 19 36 68 74
01005 - 07 19 36 69 71
01006 - 07 19 39 45 48
01007 - 07 20 22 43 44
01008 - 07 20 23 73 76
01009 - 07 20 23 77 80
01010 - 07 20 23 78 79
01011 - 07 20 34 47 57
01012 - 07 22 23 59 69
01013 - 07 22 34 73 77
01014 - 07 22 34 76 80
01015 - 07 22 34 78 79
01016 - 07 23 34 42 46
01017 - 07 24 25 56 79
01018 - 07 24 25 66 67
01019 - 07 24 25 71 80
01020 - 07 24 30 39 40
01021 - 07 24 32 53 55
01022 - 07 24 38 62 80
01023 - 07 24 38 67 79
01024 - 07 24 38 76 77
01025 - 07 25 30 44 47
01026 - 07 26 32 62 80
01027 - 07 26 32 67 77
01028 - 07 26 32 76 79
01029 - 07 26 38 40 44
01030 - 07 34 36 49 51
01031 - 07 34 39 47 51
01032 - 07 34 39 59 68
01033 - 07 34 39 65 74
01034 - 07 34 39 69 71
01035 - 07 34 40 56 80
01036 - 07 34 40 66 79
01037 - 07 34 40 67 71
01038 - 07 36 39 41 44
01039 - 07 37 39 56 80
01040 - 07 37 39 66 71
01041 - 07 37 39 67 79
01042 - 07 37 40 44 45
01043 - 07 40 44 66 69
01044 - 07 40 55 62 76
01045 - 07 40 55 67 80
01046 - 07 40 55 77 79
01047 - 07 41 42 48 49
01048 - 07 41 43 59 71
01049 - 07 41 43 65 68
01050 - 07 41 43 69 74
01051 - 07 42 43 57 59
01052 - 07 42 44 59 69
01053 - 07 42 44 65 68
01054 - 07 42 44 71 74
01055 - 07 42 44 73 79
01056 - 07 42 44 76 77
01057 - 07 42 44 78 80
01058 - 07 43 44 45 51
01059 - 07 43 46 73 78
01060 - 07 43 46 76 77
01061 - 07 43 46 79 80
01062 - 07 44 46 47 69
01063 - 07 44 51 56 67
01064 - 07 44 51 66 80
01065 - 07 44 51 71 79
01066 - 07 44 53 62 67
01067 - 07 44 53 76 80
01068 - 07 44 53 77 79
01069 - 07 45 47 56 66
01070 - 07 45 47 67 80
01071 - 07 45 47 71 79
01072 - 07 45 49 59 74
01073 - 07 45 49 65 71
01074 - 07 45 49 68 69
01075 - 07 47 59 73 80
01076 - 07 47 59 76 79
01077 - 07 47 59 77 78
01078 - 07 47 61 69 70
01079 - 07 47 62 74 80
01080 - 07 47 62 75 79
01081 - 07 47 62 77 78
01082 - 07 48 51 59 74
01083 - 07 48 51 65 69
01084 - 07 48 51 68 71
01085 - 07 57 69 73 80
01086 - 07 57 69 76 78
01087 - 07 57 69 77 79
01088 - 07 60 61 74 80
01089 - 07 60 61 75 78
01090 - 07 60 61 77 79
01091 - 07 60 62 66 67
01092 - 07 66 70 74 77
01093 - 07 66 70 75 80
01094 - 07 66 70 78 79
01095 - 07 67 69 74 75
01096 - 07 67 69 77 80
01097 - 07 67 69 78 79
01098 - 08 09 14 60 71
01099 - 08 09 14 61 62
01100 - 08 09 14 63 66
01101 - 08 09 23 48 58
01102 - 08 09 28 53 55
01103 - 08 09 37 49 54
01104 - 08 09 42 52 56
01105 - 08 09 63 66 71
01106 - 08 10 18 46 51
01107 - 08 10 20 37 39
01108 - 08 10 30 55 69
01109 - 08 10 30 64 67
01110 - 08 10 30 74 80
01111 - 08 11 13 38 40
01112 - 08 11 16 24 53
01113 - 08 13 16 32 55
01114 - 08 14 23 52 54
01115 - 08 14 28 49 56
01116 - 08 14 37 53 58
01117 - 08 14 42 48 55
01118 - 08 18 20 55 74
01119 - 08 18 20 64 67
01120 - 08 18 20 69 80
01121 - 08 18 30 40 44
01122 - 08 19 34 48 51
01123 - 08 19 36 41 42
01124 - 08 19 39 59 69
01125 - 08 19 39 65 68
01126 - 08 19 39 71 74
01127 - 08 20 30 45 47
01128 - 08 21 25 40 43
01129 - 08 21 26 47 48
01130 - 08 21 28 37 41
01131 - 08 21 29 39 42
01132 - 08 21 30 38 56
01133 - 08 21 32 37 61
01134 - 08 23 28 60 71
01135 - 08 23 28 61 63
01136 - 08 23 28 62 66
01137 - 08 23 37 55 56
01138 - 08 23 42 49 53
01139 - 08 24 32 38 44
01140 - 08 24 40 62 80
01141 - 08 24 40 67 76
01142 - 08 24 40 77 79
01143 - 08 25 28 38 39
01144 - 08 25 29 59 63
01145 - 08 25 29 72 78
01146 - 08 25 29 74 75
01147 - 08 25 30 41 42
01148 - 08 26 32 45 62
01149 - 08 26 40 53 55
01150 - 08 26 44 62 80
01151 - 08 26 44 67 79
01152 - 08 26 44 76 77
01153 - 08 28 29 43 56
01154 - 08 28 30 59 72
01155 - 08 28 30 63 78
01156 - 08 28 30 74 75
01157 - 08 28 37 48 52
01158 - 08 28 42 54 58
01159 - 08 29 30 37 40
01160 - 08 32 53 62 76
01161 - 08 32 53 67 80
01162 - 08 32 53 77 79
01163 - 08 34 36 59 71
01164 - 08 34 36 65 68
01165 - 08 34 36 69 74
01166 - 08 34 39 43 44
01167 - 08 36 39 45 49
01168 - 08 37 38 42 43
01169 - 08 37 39 59 75
01170 - 08 37 39 63 72
01171 - 08 37 39 74 78
01172 - 08 37 40 47 51
01173 - 08 37 42 60 71
01174 - 08 37 42 61 66
01175 - 08 37 42 62 63
01176 - 08 37 44 55 80
01177 - 08 37 44 64 74
01178 - 08 37 44 67 69
01179 - 08 37 45 47 56
01180 - 08 37 48 68 80
01181 - 08 37 48 69 71
01182 - 08 37 48 72 77
01183 - 08 38 40 59 74
01184 - 08 38 40 63 72
01185 - 08 38 40 75 78
01186 - 08 38 55 62 79
01187 - 08 38 55 67 76
01188 - 08 38 55 77 80
01189 - 08 39 40 41 56
01190 - 08 39 40 55 80
01191 - 08 39 40 64 69
01192 - 08 39 40 67 74
01193 - 08 39 44 45 46
01194 - 08 41 43 49 51
01195 - 08 41 43 59 78
01196 - 08 41 43 63 75
01197 - 08 41 43 72 74
01198 - 08 41 44 59 74
01199 - 08 41 44 65 71
01200 - 08 41 44 68 69
01201 - 08 42 43 59 74
01202 - 08 42 43 65 69
01203 - 08 42 43 68 71
01204 - 08 42 44 45 48
01205 - 08 42 56 59 78
01206 - 08 42 56 63 74
01207 - 08 42 56 72 75
01208 - 08 43 48 61 62
01209 - 08 43 56 68 80
01210 - 08 43 56 69 77
01211 - 08 43 56 71 72
01212 - 08 45 51 55 67
01213 - 08 45 51 59 68
01214 - 08 45 51 64 80
01215 - 08 45 51 65 74
01216 - 08 45 51 69 71
01217 - 08 45 51 69 74
01218 - 08 45 61 68 71
01219 - 08 45 61 69 80
01220 - 08 45 61 72 77
01221 - 08 46 47 55 64
01222 - 08 46 47 67 80
01223 - 08 46 47 69 74
01224 - 08 47 62 68 77
01225 - 08 47 62 69 71
01226 - 08 47 62 72 80
01227 - 08 48 49 59 65
01228 - 08 48 49 60 62
01229 - 08 48 49 61 71
01230 - 08 48 49 63 66
01231 - 08 48 49 68 74
01232 - 08 48 49 69 71
01233 - 08 48 53 54 56
01234 - 08 49 52 55 58
01235 - 08 52 53 60 61
01236 - 08 52 53 62 71
01237 - 08 52 53 63 66
01238 - 08 54 55 60 66
01239 - 08 54 55 61 62
01240 - 08 54 55 63 71
01241 - 08 56 58 60 63
01242 - 08 56 58 61 62
01243 - 08 56 58 66 71
01244 - 09 14 23 53 56
01245 - 09 14 28 48 54
01246 - 09 14 37 52 55
01247 - 09 14 42 49 58
01248 - 09 17 25 49 75
01249 - 09 17 25 56 65
01250 - 09 17 25 69 72
01251 - 09 17 27 33 48
01252 - 09 17 28 39 42
01253 - 09 17 31 34 40
01254 - 09 17 32 35 45
01255 - 09 17 69 72 75
01256 - 09 19 49 50 54
01257 - 09 19 51 58 75
01258 - 09 19 51 62 64
01259 - 09 19 51 63 65
01260 - 09 20 22 27 51
01261 - 09 20 54 58 75
01262 - 09 20 54 62 63
01263 - 09 20 54 64 65
01264 - 09 22 49 58 64
01265 - 09 22 49 62 63
01266 - 09 22 49 65 75
01267 - 09 23 28 49 52
01268 - 09 23 37 60 61
01269 - 09 23 37 62 71
01270 - 09 23 37 63 66
01271 - 09 23 42 54 55
01272 - 09 25 27 35 40
01273 - 09 25 28 34 45
01274 - 09 25 31 39 48
01275 - 09 25 32 33 42
01276 - 09 27 28 49 75
01277 - 09 27 28 56 69
01278 - 09 27 28 65 72
01279 - 09 27 31 42 45
01280 - 09 27 32 34 39
01281 - 09 27 50 58 63
01282 - 09 27 50 62 75
01283 - 09 27 50 64 65
01284 - 09 28 31 33 35
01285 - 09 28 32 40 48
01286 - 09 28 37 56 58
01287 - 09 28 42 60 62
01288 - 09 28 42 61 71
01289 - 09 28 42 63 66
01290 - 09 31 32 49 75
01291 - 09 31 32 56 72
01292 - 09 31 32 65 69
01293 - 09 33 34 49 65
01294 - 09 33 34 56 75
01295 - 09 33 34 69 72
01296 - 09 33 39 40 45
01297 - 09 34 35 42 48
01298 - 09 35 39 49 56
01299 - 09 35 39 65 75
01300 - 09 35 39 69 72
01301 - 09 37 42 48 53
01302 - 09 40 42 49 72
01303 - 09 40 42 56 65
01304 - 09 40 42 69 75
01305 - 09 45 48 49 69
01306 - 09 45 48 56 65
01307 - 09 45 48 72 75
01308 - 09 48 49 55 56
01309 - 09 48 52 60 66
01310 - 09 48 52 61 62
01311 - 09 48 52 63 71
01312 - 09 49 53 60 63
01313 - 09 49 53 61 62
01314 - 09 49 53 66 71
01315 - 09 52 53 54 58
01316 - 09 54 56 60 71
01317 - 09 54 56 61 66
01318 - 09 54 56 62 63
01319 - 09 55 58 60 71
01320 - 09 55 58 61 63
01321 - 09 55 58 62 66
01322 - 10 11 12 49 55
01323 - 10 11 14 61 80
01324 - 10 11 14 70 72
01325 - 10 11 14 75 79
01326 - 10 11 17 20 28
01327 - 10 11 17 36 57
01328 - 10 11 19 57 60
01329 - 10 11 19 58 59
01330 - 10 11 19 73 74
01331 - 10 11 20 40 50
01332 - 10 11 33 37 44
01333 - 10 11 35 38 51
01334 - 10 11 75 79 80
01335 - 10 12 17 57 73
01336 - 10 12 17 58 59
01337 - 10 12 17 60 74
01338 - 10 12 19 29 36
01339 - 10 13 14 42 46
01340 - 10 13 15 24 28
01341 - 10 13 16 50 69
01342 - 10 13 16 55 66
01343 - 10 13 16 76 79
01344 - 10 14 15 50 76
01345 - 10 14 15 55 66
01346 - 10 14 15 69 79
01347 - 10 14 16 30 36
01348 - 10 14 17 38 44
01349 - 10 14 20 37 51
01350 - 10 14 33 40 57
01351 - 10 14 35 36 50
01352 - 10 14 40 62 66
01353 - 10 14 44 47 69
01354 - 10 15 16 40 43
01355 - 10 17 19 42 50
01356 - 10 17 20 61 80
01357 - 10 17 20 70 75
01358 - 10 17 20 72 79
01359 - 10 17 33 50 51
01360 - 10 17 35 37 40
01361 - 10 18 20 44 45
01362 - 10 18 30 37 47
01363 - 10 20 29 50 55
01364 - 10 20 30 40 51
01365 - 10 20 33 36 38
01366 - 10 20 35 44 57
01367 - 10 20 36 57 74
01368 - 10 20 36 58 73
01369 - 10 20 36 59 60
01370 - 10 24 30 43 46
01371 - 10 24 36 50 79
01372 - 10 24 36 55 76
01373 - 10 24 36 66 69
01374 - 10 28 29 57 74
01375 - 10 28 29 58 60
01376 - 10 28 29 59 73
01377 - 10 28 30 50 79
01378 - 10 28 30 55 69
01379 - 10 28 30 66 76
01380 - 10 28 36 40 42
01381 - 10 28 36 42 49
01382 - 10 33 35 61 80
01383 - 10 33 35 70 79
01384 - 10 33 35 72 75
01385 - 10 36 37 61 72
01386 - 10 36 37 70 80
01387 - 10 36 37 75 79
01388 - 10 36 40 44 51
01389 - 10 37 38 50 57
01390 - 10 37 40 44 46
01391 - 10 37 45 55 80
01392 - 10 37 45 64 67
01393 - 10 37 45 69 74
01394 - 10 38 40 61 70
01395 - 10 38 40 72 80
01396 - 10 38 40 75 79
01397 - 10 39 45 47 51
01398 - 10 39 46 55 80
01399 - 10 39 46 64 74
01400 - 10 39 46 67 69
01401 - 10 40 44 61 70
01402 - 10 40 46 50 66
01403 - 10 40 46 55 79
01404 - 10 40 46 69 76
01405 - 10 40 47 55 67
01406 - 10 40 47 64 80
01407 - 10 40 47 69 74
01408 - 10 42 43 50 55
01409 - 10 42 43 66 79
01410 - 10 42 43 69 76
01411 - 10 42 55 57 59
01412 - 10 42 55 58 74
01413 - 10 42 55 60 73
01414 - 10 44 50 61 79
01415 - 10 44 50 70 72
01416 - 10 44 50 75 80
01417 - 10 44 51 55 74
01418 - 10 44 51 64 67
01419 - 10 44 51 69 80
01420 - 10 47 61 62 67
01421 - 10 47 66 74 80
01422 - 10 47 66 75 77
01423 - 10 47 66 78 79
01424 - 10 49 50 57 58
01425 - 10 49 50 59 74
01426 - 10 49 50 60 73
01427 - 10 51 57 61 75
01428 - 10 51 57 70 72
01429 - 10 51 57 79 80
01430 - 10 60 66 69 70
01431 - 10 60 67 74 80
01432 - 10 60 67 75 79
01433 - 10 60 67 77 78
01434 - 10 61 69 74 77
01435 - 10 61 69 75 80
01436 - 10 61 69 78 79
01437 - 10 62 70 74 79
01438 - 10 62 70 75 77
01439 - 10 62 70 78 80
01440 - 11 12 13 15 49
01441 - 11 12 17 36 42
01442 - 11 12 19 20 50
01443 - 11 13 16 26 44
01444 - 11 14 15 25 56
01445 - 11 14 17 40 51
01446 - 11 14 20 36 44
01447 - 11 14 33 38 50
01448 - 11 14 35 37 57
01449 - 11 14 49 69 74
01450 - 11 14 49 70 71
01451 - 11 14 49 78 79
01452 - 11 15 26 69 70
01453 - 11 15 26 71 79
01454 - 11 15 26 74 78
01455 - 11 17 19 29 55
01456 - 11 17 20 37 38
01457 - 11 17 26 49 50
01458 - 11 17 33 61 70
01459 - 11 17 33 72 80
01460 - 11 17 33 75 79
01461 - 11 17 35 44 50
01462 - 11 17 56 69 79
01463 - 11 17 56 70 78
01464 - 11 17 56 71 74
01465 - 11 19 22 46 54
01466 - 11 19 23 42 48
01467 - 11 19 38 45 52
01468 - 11 19 40 43 55
01469 - 11 20 29 36 49
01470 - 11 20 33 51 57
01471 - 11 20 35 61 72
01472 - 11 20 35 70 80
01473 - 11 20 35 75 79
01474 - 11 20 42 57 74
01475 - 11 20 42 58 59
01476 - 11 20 42 60 73
01477 - 11 22 23 43 45
01478 - 11 22 38 62 65
01479 - 11 22 38 68 80
01480 - 11 22 38 71 79
01481 - 11 22 40 48 52
01482 - 11 23 38 54 55
01483 - 11 23 40 62 68
01484 - 11 23 40 65 80
01485 - 11 23 40 71 79
01486 - 11 24 26 38 55
01487 - 11 24 44 62 77
01488 - 11 24 44 67 76
01489 - 11 24 44 79 80
01490 - 11 25 50 69 79
01491 - 11 25 50 70 71
01492 - 11 25 50 74 78
01493 - 11 26 40 62 67
01494 - 11 26 40 76 80
01495 - 11 26 40 77 79
01496 - 11 28 42 50 55
01497 - 11 28 49 57 74
01498 - 11 28 49 58 73
01499 - 11 28 49 59 60
01500 - 11 29 50 57 59
01501 - 11 29 50 58 74
01502 - 11 29 50 60 73
01503 - 11 32 40 44 53
01504 - 11 32 55 62 80
01505 - 11 32 55 67 79
01506 - 11 32 55 76 77
01507 - 11 33 35 36 40
01508 - 11 36 37 50 51
01509 - 11 36 38 61 79
01510 - 11 36 38 70 72
01511 - 11 36 38 75 80
01512 - 11 36 55 57 73
01513 - 11 36 55 58 59
01514 - 11 36 55 60 74
01515 - 11 37 40 61 75
01516 - 11 37 40 70 72
01517 - 11 37 40 79 80
01518 - 11 38 40 42 46
01519 - 11 38 40 44 57
01520 - 11 38 53 62 80
01521 - 11 38 53 67 76
01522 - 11 38 53 77 79
01523 - 11 42 43 52 54
01524 - 11 42 45 62 79
01525 - 11 42 45 65 68
01526 - 11 42 45 71 80
01527 - 11 43 46 62 71
01528 - 11 43 46 65 68
01529 - 11 43 46 79 80
01530 - 11 44 51 61 80
01531 - 11 44 51 70 79
01532 - 11 44 51 72 75
01533 - 11 45 46 48 55
01534 - 11 48 54 62 80
01535 - 11 48 54 65 79
01536 - 11 48 54 68 71
01537 - 11 50 57 61 80
01538 - 11 50 57 70 75
01539 - 11 50 57 72 79
01540 - 11 52 55 62 80
01541 - 11 52 55 65 71
01542 - 11 52 55 68 79
01543 - 12 14 26 49 56
01544 - 12 14 50 69 79
01545 - 12 14 50 70 74
01546 - 12 14 50 71 78
01547 - 12 15 17 25 50
01548 - 12 15 56 69 79
01549 - 12 15 56 70 71
01550 - 12 15 56 74 78
01551 - 12 16 17 56 79
01552 - 12 16 17 63 65
01553 - 12 16 17 69 73
01554 - 12 16 18 40 55
01555 - 12 16 22 44 48
01556 - 12 16 28 42 45
01557 - 12 16 33 43 50
01558 - 12 16 69 73 79
01559 - 12 17 18 43 45
01560 - 12 17 19 28 49
01561 - 12 17 22 42 50
01562 - 12 17 26 69 74
01563 - 12 17 26 70 71
01564 - 12 17 26 78 79
01565 - 12 17 28 44 55
01566 - 12 17 33 40 48
01567 - 12 18 22 56 79
01568 - 12 18 22 63 69
01569 - 12 18 22 65 73
01570 - 12 18 28 48 50
01571 - 12 18 33 42 44
01572 - 12 20 28 36 55
01573 - 12 20 49 57 60
01574 - 12 20 49 58 59
01575 - 12 20 49 73 74
01576 - 12 22 28 40 43
01577 - 12 22 33 45 55
01578 - 12 25 31 66 78
01579 - 12 25 31 68 70
01580 - 12 25 31 71 73
01581 - 12 25 33 43 64
01582 - 12 25 38 48 52
01583 - 12 25 40 44 49
01584 - 12 25 41 47 60
01585 - 12 25 49 69 71
01586 - 12 25 49 70 79
01587 - 12 25 49 74 78
01588 - 12 25 71 73 78
01589 - 12 28 33 56 79
01590 - 12 28 33 63 73
01591 - 12 28 33 65 69
01592 - 12 28 42 57 58
01593 - 12 28 42 59 74
01594 - 12 28 42 60 73
01595 - 12 29 42 49 50
01596 - 12 29 55 57 74
01597 - 12 29 55 58 73
01598 - 12 29 55 59 60
01599 - 12 31 33 47 49
01600 - 12 31 38 44 60
01601 - 12 31 40 48 64
01602 - 12 31 41 43 52
01603 - 12 33 38 66 78
01604 - 12 33 38 68 71
01605 - 12 33 38 70 73
01606 - 12 33 40 52 60
01607 - 12 33 41 44 48
01608 - 12 36 50 57 74
01609 - 12 36 50 58 59
01610 - 12 36 50 60 73
01611 - 12 38 40 43 47
01612 - 12 38 41 49 64
01613 - 12 40 41 66 78
01614 - 12 40 41 68 73
01615 - 12 40 41 70 71
01616 - 12 40 42 56 65
01617 - 12 40 42 63 79
01618 - 12 40 42 69 73
01619 - 12 40 44 45 50
01620 - 12 42 43 48 55
01621 - 12 43 44 56 63
01622 - 12 43 44 65 79
01623 - 12 43 44 66 70
01624 - 12 43 44 68 78
01625 - 12 43 44 69 73
01626 - 12 43 44 71 73
01627 - 12 43 48 49 60
01628 - 12 44 47 52 64
01629 - 12 45 48 56 73
01630 - 12 45 48 63 65
01631 - 12 45 48 69 79
01632 - 12 47 48 66 68
01633 - 12 47 48 70 78
01634 - 12 47 48 71 73
01635 - 12 49 52 66 73
01636 - 12 49 52 68 70
01637 - 12 49 52 71 78
01638 - 12 50 55 56 69
01639 - 12 50 55 63 65
01640 - 12 50 55 73 79
01641 - 12 60 64 66 71
01642 - 12 60 64 68 70
01643 - 12 60 64 73 78
01644 - 13 14 15 17 26
01645 - 13 14 15 36 40
01646 - 13 14 16 24 43
01647 - 13 14 56 69 70
01648 - 13 14 56 71 79
01649 - 13 14 56 74 78
01650 - 13 15 16 30 46
01651 - 13 15 50 69 78
01652 - 13 15 50 70 71
01653 - 13 15 50 74 79
01654 - 13 17 49 69 79
01655 - 13 17 49 70 71
01656 - 13 17 49 74 78
01657 - 13 24 30 36 42
01658 - 13 24 40 44 55
01659 - 13 24 40 50 79
01660 - 13 24 40 55 66
01661 - 13 24 40 69 76
01662 - 13 24 53 62 80
01663 - 13 24 53 67 77
01664 - 13 24 53 76 79
01665 - 13 25 26 69 79
01666 - 13 25 26 70 74
01667 - 13 25 26 71 78
01668 - 13 25 49 50 56
01669 - 13 26 32 38 53
01670 - 13 26 55 62 80
01671 - 13 26 55 67 76
01672 - 13 26 55 77 79
01673 - 13 28 40 43 46
01674 - 13 28 42 50 79
01675 - 13 28 42 55 76
01676 - 13 28 42 66 69
01677 - 13 30 43 50 66
01678 - 13 30 43 55 79
01679 - 13 30 43 69 76
01680 - 13 32 40 62 77
01681 - 13 32 40 67 76
01682 - 13 32 40 79 80
01683 - 13 36 46 50 76
01684 - 13 36 46 55 66
01685 - 13 36 46 69 79
01686 - 13 38 44 62 76
01687 - 13 38 44 67 80
01688 - 13 38 44 77 79
01689 - 14 15 16 28 42
01690 - 14 17 20 50 57
01691 - 14 17 33 36 37
01692 - 14 17 35 61 75
01693 - 14 17 35 70 72
01694 - 14 17 35 79 80
01695 - 14 20 33 61 79
01696 - 14 20 33 70 72
01697 - 14 20 33 75 80
01698 - 14 20 35 38 40
01699 - 14 23 28 55 58
01700 - 14 23 37 48 49
01701 - 14 23 42 60 63
01702 - 14 23 42 61 62
01703 - 14 23 42 66 71
01704 - 14 24 28 36 46
01705 - 14 24 42 50 69
01706 - 14 24 42 55 66
01707 - 14 24 42 76 79
01708 - 14 28 37 60 66
01709 - 14 28 37 61 62
01710 - 14 28 37 63 71
01711 - 14 28 40 50 55
01712 - 14 28 40 66 79
01713 - 14 28 40 69 76
01714 - 14 28 42 52 53
01715 - 14 30 40 42 43
01716 - 14 30 46 50 79
01717 - 14 30 46 55 76
01718 - 14 30 46 66 69
01719 - 14 33 35 44 51
01720 - 14 36 38 51 57
01721 - 14 36 40 61 80
01722 - 14 36 40 70 79
01723 - 14 36 40 72 75
01724 - 14 36 43 50 79
01725 - 14 36 43 55 66
01726 - 14 36 43 69 76
01727 - 14 37 38 61 80
01728 - 14 37 38 70 75
01729 - 14 37 38 72 79
01730 - 14 37 40 44 50
01731 - 14 37 42 54 56
01732 - 14 40 44 60 67
01733 - 14 44 57 61 72
01734 - 14 44 57 70 80
01735 - 14 44 57 75 79
01736 - 14 47 60 62 70
01737 - 14 47 67 74 78
01738 - 14 47 67 75 77
01739 - 14 47 67 79 80
01740 - 14 48 52 56 58
01741 - 14 48 53 60 71
01742 - 14 48 53 61 66
01743 - 14 48 53 62 63
01744 - 14 49 52 60 71
01745 - 14 49 52 61 63
01746 - 14 49 52 62 66
01747 - 14 49 53 54 55
01748 - 14 50 51 61 70
01749 - 14 50 51 72 80
01750 - 14 50 51 75 79
01751 - 14 54 58 60 62
01752 - 14 54 58 61 71
01753 - 14 54 58 63 66
01754 - 14 55 56 60 61
01755 - 14 55 56 62 71
01756 - 14 55 56 63 66
01757 - 14 60 66 74 75
01758 - 14 60 66 77 80
01759 - 14 60 66 78 79
01760 - 14 61 66 67 69
01761 - 14 61 70 74 80
01762 - 14 61 70 75 79
01763 - 14 61 70 77 78
01764 - 14 62 69 74 80
01765 - 14 62 69 75 77
01766 - 14 62 69 78 79
01767 - 15 17 21 43 53
01768 - 15 17 23 25 36
01769 - 15 17 24 61 69
01770 - 15 17 24 63 68
01771 - 15 17 24 70 74
01772 - 15 21 23 61 70
01773 - 15 21 23 63 68
01774 - 15 21 23 69 74
01775 - 15 21 24 37 38
01776 - 15 23 24 39 46
01777 - 15 24 40 42 46
01778 - 15 24 43 50 79
01779 - 15 24 43 55 69
01780 - 15 24 43 66 76
01781 - 15 25 37 46 53
01782 - 15 25 38 61 74
01783 - 15 25 38 63 70
01784 - 15 25 38 68 69
01785 - 15 28 30 36 43
01786 - 15 28 46 50 79
01787 - 15 28 46 55 66
01788 - 15 28 46 69 76
01789 - 15 30 40 50 69
01790 - 15 30 40 55 66
01791 - 15 30 40 76 79
01792 - 15 36 37 61 74
01793 - 15 36 37 63 69
01794 - 15 36 37 68 70
01795 - 15 36 38 39 43
01796 - 15 36 42 50 66
01797 - 15 36 42 55 79
01798 - 15 36 42 69 76
01799 - 15 39 53 61 68
01800 - 15 39 53 63 74
01801 - 15 39 53 69 70
01802 - 15 43 46 61 63
01803 - 15 43 46 68 74
01804 - 15 43 46 69 70
01805 - 16 17 18 44 50
01806 - 16 17 22 40 45
01807 - 16 17 28 43 48
01808 - 16 17 33 42 55
01809 - 16 18 22 42 43
01810 - 16 18 28 56 63
01811 - 16 18 28 65 79
01812 - 16 18 28 69 73
01813 - 16 18 33 45 48
01814 - 16 19 20 22 49
01815 - 16 19 54 58 62
01816 - 16 19 54 63 75
01817 - 16 19 54 64 65
01818 - 16 20 51 58 65
01819 - 16 20 51 62 63
01820 - 16 20 51 64 75
01821 - 16 22 28 50 55
01822 - 16 22 33 56 65
01823 - 16 22 33 63 79
01824 - 16 22 33 69 73
01825 - 16 22 50 58 75
01826 - 16 22 50 62 63
01827 - 16 22 50 64 65
01828 - 16 24 26 32 40
01829 - 16 24 28 30 40
01830 - 16 24 46 50 55
01831 - 16 24 46 66 79
01832 - 16 24 46 69 76
01833 - 16 24 55 62 67
01834 - 16 24 55 76 80
01835 - 16 24 55 77 79
01836 - 16 26 53 62 79
01837 - 16 26 53 67 76
01838 - 16 26 53 77 80
01839 - 16 27 49 58 75
01840 - 16 27 49 62 64
01841 - 16 27 49 63 65
01842 - 16 27 50 51 54
01843 - 16 28 33 40 44
01844 - 16 28 43 50 76
01845 - 16 28 43 55 66
01846 - 16 28 43 69 79
01847 - 16 30 42 50 79
01848 - 16 30 42 55 66
01849 - 16 30 42 69 76
01850 - 16 32 44 62 80
01851 - 16 32 44 67 76
01852 - 16 32 44 77 79
01853 - 16 36 40 50 79
01854 - 16 36 40 55 69
01855 - 16 36 40 66 76
01856 - 16 36 42 43 46
01857 - 16 38 40 62 80
01858 - 16 38 40 67 77
01859 - 16 38 40 76 79
01860 - 16 38 44 53 55
01861 - 16 40 42 48 50
01862 - 16 40 43 56 73
01863 - 16 40 43 63 65
01864 - 16 40 43 69 79
01865 - 16 42 44 56 69
01866 - 16 42 44 63 65
01867 - 16 42 44 73 79
01868 - 16 43 44 45 55
01869 - 16 45 50 56 79
01870 - 16 45 50 63 73
01871 - 16 45 50 65 69
01872 - 16 48 55 56 79
01873 - 16 48 55 63 69
01874 - 16 48 55 65 73
01875 - 17 18 22 48 55
01876 - 17 18 28 40 42
01877 - 17 18 33 56 69
01878 - 17 18 33 63 65
01879 - 17 18 33 73 79
01880 - 17 20 33 40 44
01881 - 17 20 35 36 51
01882 - 17 20 42 49 55
01883 - 17 20 50 57 74
01884 - 17 20 50 58 60
01885 - 17 20 50 59 73
01886 - 17 21 23 38 39
01887 - 17 21 24 25 46
01888 - 17 22 28 56 73
01889 - 17 22 28 63 65
01890 - 17 22 28 69 79
01891 - 17 22 33 43 44
01892 - 17 23 24 37 53
01893 - 17 25 27 39 45
01894 - 17 25 28 33 40
01895 - 17 25 31 35 42
01896 - 17 25 32 34 48
01897 - 17 25 37 38 43
01898 - 17 25 39 61 74
01899 - 17 25 39 63 68
01900 - 17 25 39 69 70
01901 - 17 27 28 34 35
01902 - 17 27 31 49 56
01903 - 17 27 31 65 75
01904 - 17 27 31 69 72
01905 - 17 27 32 40 42
01906 - 17 28 29 36 50
01907 - 17 28 31 45 48
01908 - 17 28 32 49 65
01909 - 17 28 32 56 75
01910 - 17 28 32 69 72
01911 - 17 28 33 45 50
01912 - 17 28 55 57 74
01913 - 17 28 55 58 59
01914 - 17 28 55 60 73
01915 - 17 29 42 57 60
01916 - 17 29 42 58 59
01917 - 17 29 42 73 74
01918 - 17 31 32 33 39
01919 - 17 33 34 42 45
01920 - 17 33 35 38 57
01921 - 17 33 35 49 72
01922 - 17 33 35 56 65
01923 - 17 33 35 69 75
01924 - 17 34 39 49 69
01925 - 17 34 39 56 65
01926 - 17 34 39 72 75
01927 - 17 35 39 40 48
01928 - 17 36 38 40 50
01929 - 17 36 39 46 53
01930 - 17 36 43 61 74
01931 - 17 36 43 63 70
01932 - 17 36 43 68 69
01933 - 17 36 44 61 80
01934 - 17 36 44 70 72
01935 - 17 36 44 75 79
01936 - 17 36 49 57 59
01937 - 17 36 49 58 74
01938 - 17 36 49 60 73
01939 - 17 37 44 51 57
01940 - 17 37 46 61 68
01941 - 17 37 46 63 74
01942 - 17 37 46 69 70
01943 - 17 37 50 61 80
01944 - 17 37 50 70 79
01945 - 17 37 50 72 75
01946 - 17 38 51 61 72
01947 - 17 38 51 70 80
01948 - 17 38 51 75 79
01949 - 17 38 53 61 70
01950 - 17 38 53 63 68
01951 - 17 38 53 69 74
01952 - 17 40 43 50 55
01953 - 17 40 44 56 79
01954 - 17 40 44 63 73
01955 - 17 40 44 65 69
01956 - 17 40 45 49 75
01957 - 17 40 45 56 72
01958 - 17 40 45 65 69
01959 - 17 40 57 61 79
01960 - 17 40 57 70 72
01961 - 17 40 57 75 80
01962 - 17 42 43 56 79
01963 - 17 42 43 63 69
01964 - 17 42 43 65 73
01965 - 17 42 44 45 48
01966 - 17 42 48 49 75
01967 - 17 42 48 56 69
01968 - 17 42 48 65 72
01969 - 17 45 55 56 65
01970 - 17 45 55 63 79
01971 - 17 45 55 69 73
01972 - 17 48 50 56 63
01973 - 17 48 50 65 79
01974 - 17 48 50 69 73
01975 - 18 20 22 57 69
01976 - 18 20 23 42 43
01977 - 18 20 30 39 46
01978 - 18 20 34 73 78
01979 - 18 20 34 76 77
01980 - 18 20 34 79 80
01981 - 18 22 23 73 79
01982 - 18 22 23 76 77
01983 - 18 22 23 78 80
01984 - 18 22 28 44 45
01985 - 18 22 33 40 50
01986 - 18 22 34 44 46
01987 - 18 23 34 47 59
01988 - 18 28 33 43 55
01989 - 18 37 39 44 51
01990 - 18 37 46 55 69
01991 - 18 37 46 64 67
01992 - 18 37 46 74 80
01993 - 18 39 45 55 64
01994 - 18 39 45 67 80
01995 - 18 39 45 69 74
01996 - 18 40 43 44 48
01997 - 18 40 45 46 47
01998 - 18 40 45 56 79
01999 - 18 40 45 63 65
02000 - 18 40 45 69 73
02001 - 18 40 51 55 80
02002 - 18 40 51 64 74
02003 - 18 40 51 67 69
02004 - 18 42 44 59 69
02005 - 18 42 45 50 55
02006 - 18 42 46 73 80
02007 - 18 42 46 76 79
02008 - 18 42 46 77 78
02009 - 18 42 48 56 79
02010 - 18 42 48 63 73
02011 - 18 42 48 65 69
02012 - 18 43 44 73 80
02013 - 18 43 44 76 78
02014 - 18 43 44 77 79
02015 - 18 43 46 47 57
02016 - 18 43 50 56 65
02017 - 18 43 50 63 79
02018 - 18 43 50 69 73
02019 - 18 44 47 55 80
02020 - 18 44 47 64 67
02021 - 18 44 47 69 74
02022 - 18 44 55 56 73
02023 - 18 44 55 63 65
02024 - 18 44 55 69 79
02025 - 18 47 69 73 77
02026 - 18 47 69 76 80
02027 - 18 47 69 78 79
02028 - 18 57 59 73 76
02029 - 18 57 59 77 80
02030 - 18 57 59 78 79
02031 - 19 20 21 52 54
02032 - 19 20 24 31 37
02033 - 19 20 28 29 42
02034 - 19 20 28 55 73
02035 - 19 20 28 65 70
02036 - 19 20 28 74 80
02037 - 19 20 55 57 58
02038 - 19 20 55 59 74
02039 - 19 20 55 60 73
02040 - 19 21 24 55 74
02041 - 19 21 24 65 70
02042 - 19 21 24 73 80
02043 - 19 21 28 38 46
02044 - 19 22 23 52 55
02045 - 19 22 38 42 43
02046 - 19 22 40 62 71
02047 - 19 22 40 65 68
02048 - 19 22 40 79 80
02049 - 19 23 38 62 79
02050 - 19 23 38 65 68
02051 - 19 23 38 71 80
02052 - 19 23 40 45 46
02053 - 19 24 25 40 44
02054 - 19 24 28 48 53
02055 - 19 24 30 34 47
02056 - 19 25 30 39 51
02057 - 19 28 50 57 73
02058 - 19 28 50 58 59
02059 - 19 28 50 60 74
02060 - 19 29 49 57 74
02061 - 19 29 49 58 59
02062 - 19 29 49 60 73
02063 - 19 31 38 53 54
02064 - 19 31 46 55 80
02065 - 19 31 46 65 74
02066 - 19 31 46 70 73
02067 - 19 34 36 44 45
02068 - 19 34 39 40 45
02069 - 19 34 39 41 49
02070 - 19 34 44 56 80
02071 - 19 34 44 66 67
02072 - 19 34 44 71 79
02073 - 19 36 39 43 51
02074 - 19 36 42 57 74
02075 - 19 36 42 58 60
02076 - 19 36 42 59 73
02077 - 19 36 49 50 55
02078 - 19 37 38 55 80
02079 - 19 37 38 65 73
02080 - 19 37 38 70 74
02081 - 19 37 44 47 51
02082 - 19 37 45 56 80
02083 - 19 37 45 66 79
02084 - 19 37 45 67 71
02085 - 19 37 46 48 52
02086 - 19 38 40 48 54
02087 - 19 39 47 56 67
02088 - 19 39 47 66 80
02089 - 19 39 47 71 79
02090 - 19 40 51 56 79
02091 - 19 40 51 66 67
02092 - 19 40 51 71 80
02093 - 19 41 43 44 48
02094 - 19 41 45 59 74
02095 - 19 41 45 65 68
02096 - 19 41 45 69 71
02097 - 19 42 45 49 51
02098 - 19 42 45 54 55
02099 - 19 42 46 62 80
02100 - 19 42 46 65 79
02101 - 19 42 46 68 71
02102 - 19 42 48 59 74
02103 - 19 42 48 65 71
02104 - 19 42 48 68 69
02105 - 19 43 45 62 80
02106 - 19 43 45 65 71
02107 - 19 43 45 68 79
02108 - 19 43 46 48 52
02109 - 19 43 49 59 68
02110 - 19 43 49 65 74
02111 - 19 43 49 69 71
02112 - 19 44 51 59 71
02113 - 19 44 51 65 68
02114 - 19 44 51 69 74
02115 - 19 48 54 55 70
02116 - 19 48 54 65 80
02117 - 19 48 54 73 74
02118 - 19 48 55 62 68
02119 - 19 48 55 65 80
02120 - 19 48 55 71 79
02121 - 19 52 53 55 65
02122 - 19 52 53 70 80
02123 - 19 52 53 73 74
02124 - 19 52 54 62 65
02125 - 19 52 54 68 80
02126 - 19 52 54 71 79
02127 - 20 21 24 46 48
02128 - 20 21 28 31 53
02129 - 20 22 23 46 47
02130 - 20 22 34 42 59
02131 - 20 23 34 44 69
02132 - 20 24 28 38 54
02133 - 20 31 38 46 52
02134 - 20 31 48 55 80
02135 - 20 31 48 65 70
02136 - 20 31 48 73 74
02137 - 20 33 35 37 50
02138 - 20 36 37 40 57
02139 - 20 36 50 61 75
02140 - 20 36 50 70 72
02141 - 20 36 50 79 80
02142 - 20 37 44 61 70
02143 - 20 37 44 72 80
02144 - 20 37 44 75 79
02145 - 20 37 45 46 51
02146 - 20 37 47 55 80
02147 - 20 37 47 64 69
02148 - 20 37 47 67 74
02149 - 20 37 48 53 54
02150 - 20 37 52 55 80
02151 - 20 37 52 65 74
02152 - 20 37 52 70 73
02153 - 20 38 44 50 51
02154 - 20 38 53 55 70
02155 - 20 38 53 65 80
02156 - 20 38 53 73 74
02157 - 20 38 57 61 80
02158 - 20 38 57 70 79
02159 - 20 38 57 72 75
02160 - 20 39 40 44 47
02161 - 20 39 51 55 80
02162 - 20 39 51 64 67
02163 - 20 39 51 69 74
02164 - 20 40 45 55 69
02165 - 20 40 45 64 67
02166 - 20 40 45 74 80
02167 - 20 40 51 61 80
02168 - 20 40 51 70 72
02169 - 20 40 51 75 79
02170 - 20 42 44 46 57
02171 - 20 42 47 73 80
02172 - 20 42 47 76 77
02173 - 20 42 47 78 79
02174 - 20 43 47 59 69
02175 - 20 43 57 73 80
02176 - 20 43 57 76 79
02177 - 20 43 57 77 78
02178 - 20 44 46 55 67
02179 - 20 44 46 64 80
02180 - 20 44 46 69 74
02181 - 20 44 59 73 77
02182 - 20 44 59 76 80
02183 - 20 44 59 78 79
02184 - 20 46 54 55 74
02185 - 20 46 54 65 70
02186 - 20 46 54 73 80
02187 - 20 46 69 73 79
02188 - 20 46 69 76 77
02189 - 20 46 69 78 80
02190 - 21 23 24 36 43
02191 - 21 24 28 37 52
02192 - 21 25 28 42 56
02193 - 21 25 29 37 38
02194 - 21 25 30 59 74
02195 - 21 25 30 63 72
02196 - 21 25 30 75 78
02197 - 21 25 36 38 53
02198 - 21 25 43 61 69
02199 - 21 25 43 63 68
02200 - 21 25 43 70 74
02201 - 21 26 32 43 56
02202 - 21 28 29 59 75
02203 - 21 28 29 63 72
02204 - 21 28 29 74 78
02205 - 21 28 30 39 40
02206 - 21 29 30 41 43
02207 - 21 31 37 46 54
02208 - 21 31 52 55 73
02209 - 21 31 52 65 70
02210 - 21 31 52 74 80
02211 - 21 36 39 61 63
02212 - 21 36 39 68 74
02213 - 21 36 39 69 70
02214 - 21 37 39 43 46
02215 - 21 37 39 43 56
02216 - 21 37 40 59 78
02217 - 21 37 40 63 75
02218 - 21 37 40 72 74
02219 - 21 37 43 47 62
02220 - 21 37 48 55 65
02221 - 21 37 48 70 80
02222 - 21 37 48 73 74
02223 - 21 37 53 61 74
02224 - 21 37 53 63 70
02225 - 21 37 53 68 69
02226 - 21 37 56 68 72
02227 - 21 37 56 69 71
02228 - 21 37 56 77 80
02229 - 21 38 39 59 78
02230 - 21 38 39 63 74
02231 - 21 38 39 72 75
02232 - 21 38 40 41 42
02233 - 21 38 46 61 74
02234 - 21 38 46 63 68
02235 - 21 38 46 69 70
02236 - 21 38 48 52 53
02237 - 21 38 54 55 80
02238 - 21 38 54 65 74
02239 - 21 38 54 70 73
02240 - 21 41 56 59 72
02241 - 21 41 56 63 78
02242 - 21 41 56 74 75
02243 - 21 42 43 59 63
02244 - 21 42 43 72 78
02245 - 21 42 43 74 75
02246 - 21 43 48 68 69
02247 - 21 43 48 71 80
02248 - 21 43 48 72 77
02249 - 21 45 48 56 61
02250 - 21 45 62 68 80
02251 - 21 45 62 69 77
02252 - 21 45 62 71 72
02253 - 21 46 53 55 80
02254 - 21 46 53 65 70
02255 - 21 46 53 73 74
02256 - 21 47 61 68 80
02257 - 21 47 61 69 71
02258 - 21 47 61 72 77
02259 - 22 23 34 43 57
02260 - 22 23 38 46 48
02261 - 22 23 40 42 54
02262 - 22 28 33 42 48
02263 - 22 38 40 45 55
02264 - 22 40 42 44 55
02265 - 22 40 48 56 69
02266 - 22 40 48 63 65
02267 - 22 40 48 73 79
02268 - 22 42 43 46 69
02269 - 22 42 45 46 52
02270 - 22 42 45 56 63
02271 - 22 42 45 65 79
02272 - 22 42 45 69 73
02273 - 22 42 48 62 80
02274 - 22 42 48 65 68
02275 - 22 42 48 71 79
02276 - 22 42 57 73 78
02277 - 22 42 57 76 77
02278 - 22 42 57 79 80
02279 - 22 43 45 48 50
02280 - 22 43 47 73 76
02281 - 22 43 47 77 80
02282 - 22 43 47 78 79
02283 - 22 43 48 54 55
02284 - 22 43 52 62 80
02285 - 22 43 52 65 79
02286 - 22 43 52 68 71
02287 - 22 43 55 56 79
02288 - 22 43 55 63 73
02289 - 22 43 55 65 69
02290 - 22 44 47 57 59
02291 - 22 44 50 56 79
02292 - 22 44 50 63 65
02293 - 22 44 50 69 73
02294 - 22 44 69 73 80
02295 - 22 44 69 76 79
02296 - 22 44 69 77 78
02297 - 22 45 54 62 68
02298 - 22 45 54 65 80
02299 - 22 45 54 71 79
02300 - 22 46 55 62 79
02301 - 22 46 55 65 68
02302 - 22 46 55 71 80
02303 - 22 46 59 73 80
02304 - 22 46 59 76 77
02305 - 22 46 59 78 79
02306 - 23 25 39 43 53
02307 - 23 25 46 61 74
02308 - 23 25 46 63 69
02309 - 23 25 46 68 70
02310 - 23 28 37 53 54
02311 - 23 28 42 48 56
02312 - 23 36 37 38 46
02313 - 23 36 53 61 74
02314 - 23 36 53 63 68
02315 - 23 36 53 69 70
02316 - 23 37 39 61 69
02317 - 23 37 39 63 68
02318 - 23 37 39 70 74
02319 - 23 37 42 52 58
02320 - 23 38 40 43 52
02321 - 23 38 43 61 68
02322 - 23 38 43 63 74
02323 - 23 38 43 69 70
02324 - 23 42 43 46 55
02325 - 23 42 47 57 69
02326 - 23 42 52 62 71
02327 - 23 42 52 65 68
02328 - 23 42 52 79 80
02329 - 23 42 59 73 80
02330 - 23 42 59 76 78
02331 - 23 42 59 77 79
02332 - 23 43 44 46 59
02333 - 23 43 48 62 65
02334 - 23 43 48 68 80
02335 - 23 43 48 71 79
02336 - 23 43 69 73 80
02337 - 23 43 69 76 77
02338 - 23 43 69 78 79
02339 - 23 44 47 73 78
02340 - 23 44 47 76 77
02341 - 23 44 47 79 80
02342 - 23 45 48 52 54
02343 - 23 45 55 62 80
02344 - 23 45 55 65 79
02345 - 23 45 55 68 71
02346 - 23 46 54 62 80
02347 - 23 46 54 65 68
02348 - 23 46 54 71 79
02349 - 23 46 57 73 77
02350 - 23 46 57 76 80
02351 - 23 46 57 78 79
02352 - 23 48 52 53 55
02353 - 23 48 54 60 71
02354 - 23 48 54 61 62
02355 - 23 48 54 63 66
02356 - 23 49 54 56 58
02357 - 23 49 55 60 71
02358 - 23 49 55 61 66
02359 - 23 49 55 62 63
02360 - 23 52 56 60 62
02361 - 23 52 56 61 71
02362 - 23 52 56 63 66
02363 - 23 53 58 60 66
02364 - 23 53 58 61 62
02365 - 23 53 58 63 71
02366 - 24 25 30 37 45
02367 - 24 25 36 37 39
02368 - 24 25 53 61 63
02369 - 24 25 53 68 74
02370 - 24 25 53 69 70
02371 - 24 31 48 52 54
02372 - 24 31 53 55 80
02373 - 24 31 53 65 73
02374 - 24 31 53 70 74
02375 - 24 34 37 40 51
02376 - 24 34 45 56 71
02377 - 24 34 45 66 67
02378 - 24 34 45 79 80
02379 - 24 36 46 61 70
02380 - 24 36 46 63 68
02381 - 24 36 46 69 74
02382 - 24 37 38 46 53
02383 - 24 37 43 61 74
02384 - 24 37 43 63 68
02385 - 24 37 43 69 70
02386 - 24 37 44 56 66
02387 - 24 37 44 67 80
02388 - 24 37 44 71 79
02389 - 24 37 54 55 80
02390 - 24 37 54 65 70
02391 - 24 37 54 73 74
02392 - 24 38 39 61 74
02393 - 24 38 39 63 69
02394 - 24 38 39 68 70
02395 - 24 38 43 46 53
02396 - 24 38 48 55 73
02397 - 24 38 48 65 70
02398 - 24 38 48 74 80
02399 - 24 39 44 45 47
02400 - 24 39 51 56 80
02401 - 24 39 51 66 79
02402 - 24 39 51 67 71
02403 - 24 40 47 56 80
02404 - 24 40 47 66 67
02405 - 24 40 47 71 79
02406 - 24 46 52 55 70
02407 - 24 46 52 65 80
02408 - 24 46 52 73 74
02409 - 25 27 28 42 48
02410 - 25 27 31 33 34
02411 - 25 27 32 49 69
02412 - 25 27 32 56 65
02413 - 25 27 32 72 75
02414 - 25 28 29 40 41
02415 - 25 28 30 37 43
02416 - 25 28 31 49 72
02417 - 25 28 31 56 65
02418 - 25 28 31 69 75
02419 - 25 28 32 35 39
02420 - 25 29 30 39 56
02421 - 25 31 32 40 45
02422 - 25 31 33 48 60
02423 - 25 31 38 43 49
02424 - 25 31 40 47 52
02425 - 25 31 41 44 64
02426 - 25 33 35 45 48
02427 - 25 33 38 44 47
02428 - 25 33 39 49 75
02429 - 25 33 39 56 72
02430 - 25 33 39 65 69
02431 - 25 33 40 66 68
02432 - 25 33 40 70 78
02433 - 25 33 40 71 73
02434 - 25 33 41 49 52
02435 - 25 34 35 49 75
02436 - 25 34 35 56 69
02437 - 25 34 35 65 72
02438 - 25 34 39 40 42
02439 - 25 34 44 45 51
02440 - 25 34 47 56 80
02441 - 25 34 47 66 71
02442 - 25 34 47 67 79
02443 - 25 37 39 40 42
02444 - 25 37 39 40 47
02445 - 25 37 41 59 78
02446 - 25 37 41 63 72
02447 - 25 37 41 74 75
02448 - 25 37 51 56 80
02449 - 25 37 51 66 67
02450 - 25 37 51 71 79
02451 - 25 38 40 60 64
02452 - 25 38 41 43 56
02453 - 25 38 41 66 70
02454 - 25 38 41 68 78
02455 - 25 38 41 71 73
02456 - 25 38 42 59 78
02457 - 25 38 42 63 75
02458 - 25 38 42 72 74
02459 - 25 39 43 59 72
02460 - 25 39 43 63 78
02461 - 25 39 43 74 75
02462 - 25 39 44 56 71
02463 - 25 39 44 66 67
02464 - 25 39 44 79 80
02465 - 25 40 41 43 48
02466 - 25 40 45 56 67
02467 - 25 40 45 66 80
02468 - 25 40 45 71 79
02469 - 25 40 48 49 65
02470 - 25 40 48 56 75
02471 - 25 40 48 69 72
02472 - 25 40 56 59 75
02473 - 25 40 56 63 72
02474 - 25 40 56 74 78
02475 - 25 42 45 49 56
02476 - 25 42 45 65 75
02477 - 25 42 45 69 72
02478 - 25 43 44 52 60
02479 - 25 43 47 66 73
02480 - 25 43 47 68 70
02481 - 25 43 47 71 78
02482 - 25 44 48 66 71
02483 - 25 44 48 68 70
02484 - 25 44 48 73 78
02485 - 25 47 48 49 64
02486 - 25 49 60 66 78
02487 - 25 49 60 68 73
02488 - 25 49 60 70 71
02489 - 25 52 64 66 78
02490 - 25 52 64 68 71
02491 - 25 52 64 70 73
02492 - 26 37 48 56 62
02493 - 26 37 61 68 80
02494 - 26 37 61 69 72
02495 - 26 37 61 71 77
02496 - 26 43 45 47 61
02497 - 26 43 62 68 80
02498 - 26 43 62 69 71
02499 - 26 43 62 72 77
02500 - 26 45 48 68 72
02501 - 26 45 48 69 71
02502 - 26 45 48 77 80
02503 - 26 47 56 68 71
02504 - 26 47 56 69 80
02505 - 26 47 56 72 77
02506 - 27 28 31 39 40
02507 - 27 28 32 33 45
02508 - 27 31 32 35 48
02509 - 27 33 35 39 42
02510 - 27 33 40 49 75
02511 - 27 33 40 56 65
02512 - 27 33 40 69 72
02513 - 27 34 40 45 48
02514 - 27 34 42 49 75
02515 - 27 34 42 56 72
02516 - 27 34 42 65 69
02517 - 27 35 45 49 65
02518 - 27 35 45 56 75
02519 - 27 35 45 69 72
02520 - 27 39 48 49 72
02521 - 27 39 48 56 65
02522 - 27 39 48 69 75
02523 - 28 29 30 38 42
02524 - 28 31 32 34 42
02525 - 28 31 37 38 48
02526 - 28 31 54 55 65
02527 - 28 31 54 70 80
02528 - 28 31 54 73 74
02529 - 28 33 34 39 48
02530 - 28 33 42 49 69
02531 - 28 33 42 56 65
02532 - 28 33 42 72 75
02533 - 28 34 40 49 56
02534 - 28 34 40 65 75
02535 - 28 34 40 69 72
02536 - 28 35 40 42 45
02537 - 28 35 48 49 75
02538 - 28 35 48 56 72
02539 - 28 35 48 65 69
02540 - 28 37 38 40 56
02541 - 28 37 42 49 55
02542 - 28 37 42 59 74
02543 - 28 37 42 63 72
02544 - 28 37 42 75 78
02545 - 28 37 53 55 74
02546 - 28 37 53 65 70
02547 - 28 37 53 73 80
02548 - 28 38 41 59 63
02549 - 28 38 41 72 78
02550 - 28 38 41 74 75
02551 - 28 38 52 55 80
02552 - 28 38 52 65 70
02553 - 28 38 52 73 74
02554 - 28 39 41 42 43
02555 - 28 39 45 49 75
02556 - 28 39 45 56 65
02557 - 28 39 45 69 72
02558 - 28 39 56 59 78
02559 - 28 39 56 63 75
02560 - 28 39 56 72 74
02561 - 28 40 43 59 78
02562 - 28 40 43 63 72
02563 - 28 40 43 74 75
02564 - 28 40 45 48 55
02565 - 28 40 50 56 79
02566 - 28 40 50 63 69
02567 - 28 40 50 65 73
02568 - 28 42 43 44 50
02569 - 28 42 55 56 79
02570 - 28 42 55 63 65
02571 - 28 42 55 69 73
02572 - 28 43 45 56 69
02573 - 28 43 45 63 65
02574 - 28 43 45 73 79
02575 - 28 44 48 56 65
02576 - 28 44 48 63 79
02577 - 28 44 48 69 73
02578 - 28 46 48 55 80
02579 - 28 46 48 65 73
02580 - 28 46 48 70 74
02581 - 28 46 52 53 54
02582 - 28 48 49 53 58
02583 - 28 48 55 60 63
02584 - 28 48 55 61 62
02585 - 28 48 55 66 71
02586 - 28 49 54 60 61
02587 - 28 49 54 62 71
02588 - 28 49 54 63 66
02589 - 28 52 54 55 56
02590 - 28 52 58 60 71
02591 - 28 52 58 61 66
02592 - 28 52 58 62 63
02593 - 28 53 56 60 71
02594 - 28 53 56 61 62
02595 - 28 53 56 63 66
02596 - 29 37 41 42 56
02597 - 29 37 43 59 78
02598 - 29 37 43 63 74
02599 - 29 37 43 72 75
02600 - 29 38 39 40 43
02601 - 29 38 56 59 78
02602 - 29 38 56 63 72
02603 - 29 38 56 74 75
02604 - 29 39 41 59 74
02605 - 29 39 41 63 72
02606 - 29 39 41 75 78
02607 - 29 40 42 59 72
02608 - 29 40 42 63 78
02609 - 29 40 42 74 75
02610 - 30 34 37 39 44
02611 - 30 34 51 56 66
02612 - 30 34 51 67 80
02613 - 30 34 51 71 79
02614 - 30 37 38 39 41
02615 - 30 37 39 40 45
02616 - 30 37 47 56 79
02617 - 30 37 47 66 67
02618 - 30 37 47 71 80
02619 - 30 37 51 55 64
02620 - 30 37 51 67 80
02621 - 30 37 51 69 74
02622 - 30 37 56 59 63
02623 - 30 37 56 72 78
02624 - 30 37 56 74 75
02625 - 30 38 43 59 75
02626 - 30 38 43 63 72
02627 - 30 38 43 74 78
02628 - 30 39 42 59 78
02629 - 30 39 42 63 72
02630 - 30 39 42 74 75
02631 - 30 39 45 56 80
02632 - 30 39 45 66 67
02633 - 30 39 45 71 79
02634 - 30 39 47 55 74
02635 - 30 39 47 64 67
02636 - 30 39 47 69 80
02637 - 30 40 41 59 78
02638 - 30 40 41 63 74
02639 - 30 40 41 72 75
02640 - 30 40 42 43 56
02641 - 30 40 44 56 80
02642 - 30 40 44 66 71
02643 - 30 40 44 67 79
02644 - 30 40 45 47 51
02645 - 30 40 46 55 80
02646 - 30 40 46 64 67
02647 - 30 40 46 69 74
02648 - 30 44 45 55 80
02649 - 30 44 45 64 69
02650 - 30 44 45 67 74
02651 - 30 44 46 47 51
02652 - 31 33 38 52 64
02653 - 31 33 40 42 48
02654 - 31 33 40 43 44
02655 - 31 33 41 66 71
02656 - 31 33 41 68 70
02657 - 31 33 41 73 78
02658 - 31 33 45 49 75
02659 - 31 33 45 56 69
02660 - 31 33 45 65 72
02661 - 31 34 35 39 45
02662 - 31 34 48 49 75
02663 - 31 34 48 56 65
02664 - 31 34 48 69 72
02665 - 31 35 40 49 69
02666 - 31 35 40 56 65
02667 - 31 35 40 72 75
02668 - 31 38 40 66 73
02669 - 31 38 40 68 70
02670 - 31 38 40 71 78
02671 - 31 38 41 47 48
02672 - 31 39 42 49 65
02673 - 31 39 42 56 75
02674 - 31 39 42 69 72
02675 - 31 40 41 49 60
02676 - 31 43 47 60 64
02677 - 31 43 48 66 78
02678 - 31 43 48 68 73
02679 - 31 43 48 70 71
02680 - 31 44 47 66 78
02681 - 31 44 47 68 71
02682 - 31 44 47 70 73
02683 - 31 44 48 49 52
02684 - 31 49 64 66 70
02685 - 31 49 64 68 78
02686 - 31 49 64 71 73
02687 - 31 52 60 66 68
02688 - 31 52 60 70 78
02689 - 31 52 60 71 73
02690 - 32 33 34 35 40
02691 - 32 33 48 49 56
02692 - 32 33 48 65 75
02693 - 32 33 48 69 72
02694 - 32 34 45 49 72
02695 - 32 34 45 56 65
02696 - 32 34 45 69 75
02697 - 32 35 42 49 75
02698 - 32 35 42 56 65
02699 - 32 35 42 69 72
02700 - 32 37 43 45 48
02701 - 32 37 62 68 69
02702 - 32 37 62 71 80
02703 - 32 37 62 72 77
02704 - 32 39 40 49 75
02705 - 32 39 40 56 69
02706 - 32 39 40 65 72
02707 - 32 39 42 45 48
02708 - 32 43 61 68 77
02709 - 32 43 61 69 71
02710 - 32 43 61 72 80
02711 - 32 45 56 68 80
02712 - 32 45 56 69 71
02713 - 32 45 56 72 77
02714 - 32 47 48 68 80
02715 - 32 47 48 69 72
02716 - 32 47 48 71 77
02717 - 32 47 56 61 62
02718 - 33 36 44 50 57
02719 - 33 36 51 61 80
02720 - 33 36 51 70 75
02721 - 33 36 51 72 79
02722 - 33 37 38 40 51
02723 - 33 37 57 61 80
02724 - 33 37 57 70 72
02725 - 33 37 57 75 79
02726 - 33 38 40 48 49
02727 - 33 38 41 43 60
02728 - 33 38 44 61 75
02729 - 33 38 44 70 72
02730 - 33 38 44 79 80
02731 - 33 40 41 47 64
02732 - 33 40 42 43 45
02733 - 33 40 50 61 72
02734 - 33 40 50 70 80
02735 - 33 40 50 75 79
02736 - 33 40 55 56 63
02737 - 33 40 55 65 79
02738 - 33 40 55 69 73
02739 - 33 42 50 56 73
02740 - 33 42 50 63 65
02741 - 33 42 50 69 79
02742 - 33 43 47 48 52
02743 - 33 43 48 56 79
02744 - 33 43 48 63 65
02745 - 33 43 48 69 73
02746 - 33 43 49 66 78
02747 - 33 43 49 68 70
02748 - 33 43 49 71 73
02749 - 33 44 45 56 79
02750 - 33 44 45 63 69
02751 - 33 44 45 65 73
02752 - 33 44 48 50 55
02753 - 33 44 49 60 64
02754 - 33 44 52 66 78
02755 - 33 44 52 68 73
02756 - 33 44 52 70 71
02757 - 33 47 60 66 70
02758 - 33 47 60 68 78
02759 - 33 47 60 71 73
02760 - 33 48 64 66 73
02761 - 33 48 64 68 70
02762 - 33 48 64 71 78
02763 - 34 36 39 42 48
02764 - 34 41 42 44 51
02765 - 34 41 48 59 69
02766 - 34 41 48 65 68
02767 - 34 41 48 71 74
02768 - 34 42 43 44 47
02769 - 34 42 45 59 65
02770 - 34 42 45 68 74
02771 - 34 42 45 69 71
02772 - 34 42 69 73 76
02773 - 34 42 69 77 80
02774 - 34 42 69 78 79
02775 - 34 43 45 48 49
02776 - 34 43 51 59 74
02777 - 34 43 51 65 71
02778 - 34 43 51 68 69
02779 - 34 43 59 73 79
02780 - 34 43 59 76 77
02781 - 34 43 59 78 80
02782 - 34 44 49 59 74
02783 - 34 44 49 65 68
02784 - 34 44 49 69 71
02785 - 34 44 57 73 80
02786 - 34 44 57 76 77
02787 - 34 44 57 78 79
02788 - 34 46 47 73 80
02789 - 34 46 47 76 78
02790 - 34 46 47 77 79
02791 - 34 46 57 59 69
02792 - 35 36 37 38 44
02793 - 35 36 57 61 70
02794 - 35 36 57 72 80
02795 - 35 36 57 75 79
02796 - 35 37 51 61 79
02797 - 35 37 51 70 72
02798 - 35 37 51 75 80
02799 - 35 38 50 61 80
02800 - 35 38 50 70 72
02801 - 35 38 50 75 79
02802 - 35 40 44 61 80
02803 - 35 40 44 70 75
02804 - 35 40 44 72 79
02805 - 35 40 50 51 57
02806 - 36 41 45 48 51
02807 - 36 41 49 59 74
02808 - 36 41 49 65 69
02809 - 36 41 49 68 71
02810 - 36 42 43 44 49
02811 - 36 42 51 59 74
02812 - 36 42 51 65 68
02813 - 36 42 51 69 71
02814 - 36 43 45 59 69
02815 - 36 43 45 65 68
02816 - 36 43 45 71 74
02817 - 36 44 48 59 68
02818 - 36 44 48 65 74
02819 - 36 44 48 69 71
02820 - 37 48 54 55 58
02821 - 37 48 56 60 71
02822 - 37 48 56 61 63
02823 - 37 48 56 62 66
02824 - 37 49 52 53 56
02825 - 37 49 58 60 71
02826 - 37 49 58 61 62
02827 - 37 49 58 63 66
02828 - 37 52 54 60 63
02829 - 37 52 54 61 62
02830 - 37 52 54 66 71
02831 - 37 53 55 60 62
02832 - 37 53 55 61 71
02833 - 37 53 55 63 66
02834 - 38 40 41 44 52
02835 - 38 42 48 52 55
02836 - 38 42 54 62 80
02837 - 38 42 54 65 71
02838 - 38 42 54 68 79
02839 - 38 43 44 48 64
02840 - 38 43 45 46 54
02841 - 38 43 52 66 71
02842 - 38 43 52 68 70
02843 - 38 43 52 73 78
02844 - 38 43 55 62 80
02845 - 38 43 55 65 68
02846 - 38 43 55 71 79
02847 - 38 44 49 66 68
02848 - 38 44 49 70 78
02849 - 38 44 49 71 73
02850 - 38 45 48 62 71
02851 - 38 45 48 65 68
02852 - 38 45 48 79 80
02853 - 38 46 52 62 68
02854 - 38 46 52 65 80
02855 - 38 46 52 71 79
02856 - 38 47 49 52 60
02857 - 38 47 64 66 78
02858 - 38 47 64 68 73
02859 - 38 47 64 70 71
02860 - 38 48 60 66 78
02861 - 38 48 60 68 70
02862 - 38 48 60 71 73
02863 - 39 41 42 43 45
02864 - 39 41 51 59 65
02865 - 39 41 51 68 74
02866 - 39 41 51 69 71
02867 - 39 42 49 59 71
02868 - 39 42 49 65 68
02869 - 39 42 49 69 74
02870 - 39 43 48 59 74
02871 - 39 43 48 65 68
02872 - 39 43 48 69 71
02873 - 39 44 45 59 74
02874 - 39 44 45 65 69
02875 - 39 44 45 68 71
02876 - 39 44 48 49 51
02877 - 40 42 43 45 48
02878 - 40 42 55 62 65
02879 - 40 42 55 68 80
02880 - 40 42 55 71 79
02881 - 40 43 49 52 64
02882 - 40 43 54 62 79
02883 - 40 43 54 65 68
02884 - 40 43 54 71 80
02885 - 40 43 60 66 78
02886 - 40 43 60 68 71
02887 - 40 43 60 70 73
02888 - 40 44 47 48 60
02889 - 40 44 64 66 78
02890 - 40 44 64 68 70
02891 - 40 44 64 71 73
02892 - 40 45 52 62 80
02893 - 40 45 52 65 68
02894 - 40 45 52 71 79
02895 - 40 46 48 62 80
02896 - 40 46 48 65 71
02897 - 40 46 48 68 79
02898 - 40 46 52 54 55
02899 - 40 47 49 66 71
02900 - 40 47 49 68 70
02901 - 40 47 49 73 78
02902 - 40 47 66 67 70
02903 - 40 47 69 74 80
02904 - 40 47 69 75 78
02905 - 40 47 69 77 79
02906 - 40 48 52 66 70
02907 - 40 48 52 68 78
02908 - 40 48 52 71 73
02909 - 40 60 61 62 69
02910 - 40 60 70 74 80
02911 - 40 60 70 75 77
02912 - 40 60 70 78 79
02913 - 40 61 66 74 78
02914 - 40 61 66 75 77
02915 - 40 61 66 79 80
02916 - 40 62 67 74 77
02917 - 40 62 67 75 80
02918 - 40 62 67 78 79
02919 - 41 43 44 47 49
02920 - 41 43 64 66 68
02921 - 41 43 64 70 78
02922 - 41 43 64 71 73
02923 - 41 44 60 66 73
02924 - 41 44 60 68 70
02925 - 41 44 60 71 78
02926 - 41 47 52 66 78
02927 - 41 47 52 68 70
02928 - 41 47 52 71 73
02929 - 41 48 49 66 78
02930 - 41 48 49 68 71
02931 - 41 48 49 70 73
02932 - 41 48 52 60 64
02933 - 42 48 49 52 54
02934 - 42 48 58 60 61
02935 - 42 48 58 62 71
02936 - 42 48 58 63 66
02937 - 42 49 56 60 66
02938 - 42 49 56 61 62
02939 - 42 49 56 63 71
02940 - 42 52 55 60 71
02941 - 42 52 55 61 62
02942 - 42 52 55 63 66
02943 - 42 53 54 60 71
02944 - 42 53 54 61 63
02945 - 42 53 54 62 66
02946 - 42 53 55 56 58
02947 - 44 47 60 61 66
02948 - 44 47 70 74 75
02949 - 44 47 70 77 80
02950 - 44 47 70 78 79
02951 - 44 60 69 74 79
02952 - 44 60 69 75 77
02953 - 44 60 69 78 80
02954 - 44 61 67 74 80
02955 - 44 61 67 75 77
02956 - 44 61 67 78 79
02957 - 44 62 66 74 80
02958 - 44 62 66 75 78
02959 - 44 62 66 77 79
02960 - 44 62 67 69 70
02961 - 49 56 65 69 72
02962 - 49 56 65 69 75
02963 - 49 56 65 72 75
02964 - 50 55 66 69 76
02965 - 50 55 66 69 79
02966 - 50 55 66 76 79
02967 - 55 64 67 69 74
02968 - 55 64 67 69 80
02969 - 55 64 67 74 80
02970 - 55 65 70 73 74
02971 - 55 65 70 73 80
02972 - 55 65 70 74 80
02973 - 56 63 65 69 73
02974 - 56 63 65 69 79
02975 - 56 63 65 73 79
02976 - 56 66 67 71 79
02977 - 56 66 67 71 80
02978 - 56 66 67 79 80
02979 - 57 58 59 60 73
02980 - 57 58 59 60 74
02981 - 57 58 59 73 74
02982 - 58 62 63 64 65
02983 - 58 62 63 64 75
02984 - 58 62 63 65 75
02985 - 59 63 72 74 75
02986 - 59 63 72 74 78
02987 - 59 63 72 75 78
02988 - 59 65 68 69 71
02989 - 59 65 68 69 74
02990 - 59 65 68 71 74
02991 - 60 61 62 63 66
02992 - 60 61 62 63 71
02993 - 60 61 62 66 71
02994 - 61 63 68 69 70
02995 - 61 63 68 69 74
02996 - 61 63 68 70 74
02997 - 61 70 72 75 79
02998 - 61 70 72 75 80
02999 - 61 70 72 79 80
03000 - 62 65 68 71 79
03001 - 62 65 68 71 80
03002 - 62 65 68 79 80
03003 - 62 67 76 77 79
03004 - 62 67 76 77 80
03005 - 62 67 76 79 80
03006 - 66 68 70 71 73
03007 - 66 68 70 71 78
03008 - 66 68 70 73 78
03009 - 68 69 71 72 77
03010 - 68 69 71 72 80
03011 - 68 69 71 77 80
03012 - 69 70 71 74 78
03013 - 69 70 71 74 79
03014 - 69 70 71 78 79
03015 - 73 76 77 78 79
03016 - 73 76 77 78 80
03017 - 73 76 77 79 80
03018 - 74 75 77 78 79
03019 - 74 75 77 78 80
03020 - 74 75 77 79 80
