500  . 3 44 47 52 65
501  . 2 41 43 63 66
502  . 28 36 51 59 62
503  . 4 14 28 57 78
504  . 17 24 25 39 63
505  . 34 35 58 72 80
506  . 9 10 19 35 53
507  . 2 48 58 61 77
508  . 1 22 24 27 38
509  . 6 43 72 77 80
510  . 13 15 32 56 67
511  . 14 28 33 51 54
512  . 29 30 50 52 76
513  . 5 22 32 35 54
514  . 7 11 54 64 66
515  . 15 29 52 59 68
516  . 14 42 43 61 72
517  . 7 14 60 65 76
518  . 8 36 37 39 59
519  . 6 47 68 73 80
520  . 5 48 51 58 60
521  . 4 14 45 62 67
522  . 10 17 32 33 75
523  . 24 34 45 70 71
524  . 25 47 56 59 60
525  . 7 10 48 69 77
526  . 7 23 41 66 72
527  . 13 16 17 31 54
528  . 7 14 44 71 72
529  . 18 34 47 52 59
530  . 22 24 32 45 79
531  . 15 16 26 55 64
532  . 3 13 44 47 60
533  . 25 33 47 60 63
534  . 16 18 29 76 79
535  . 17 20 54 65 79
536  . 1 15 25 66 74
537  . 18 25 28 34 59
538  . 33 47 56 62 79
539  . 21 52 58 62 71
540  . 13 31 32 36 65
541  . 26 37 60 75 76
542  . 17 20 24 43 49
543  . 10 11 30 41 69
544  . 3 41 49 55 64
545  . 20 26 30 37 73
546  . 13 18 27 37 50
547  . 8 13 29 46 54
548  . 17 23 27 44 76
549  . 1 24 26 43 74
550  . 20 24 62 70 73
551  . 2 9 10 52 68
552  . 5 10 12 39 51
553  . 11 30 36 50 73
554  . 20 59 67 68 78
555  . 7 17 18 26 69
556  . 22 25 29 68 72
557  . 10 30 47 51 57
558  . 4 6 13 35 66
559  . 7 39 50 68 69
560  . 4 11 29 66 80
561  . 2 23 45 64 77
562  . 10 53 63 70 72
563  . 2 6 15 40 73
564  . 11 12 21 33 52
565  . 2 24 34 75 76
566  . 26 29 60 68 70
567  . 12 39 59 65 76
568  . 5 43 48 59 74
569  . 8 9 33 55 71
570  . 1 4 18 28 65
571  . 6 32 49 77 78
572  . 4 11 43 45 78
573  . 14 17 33 47 64
574  . 25 26 35 48 76
575  . 3 16 18 30 41
576  . 14 22 27 59 60
577  . 1 3 25 40 44
578  . 21 52 55 56 67
579  . 13 30 44 45 54
580  . 19 45 48 59 77
581  . 16 53 58 66 69
582  . 2 27 45 61 68
583  . 30 35 43 53 72
584  . 9 10 15 48 56
585  . 7 8 53 64 66
586  . 3 13 27 36 56
587  . 10 13 15 56 78
588  . 2 11 23 25 45
589  . 5 24 46 58 61
590  . 8 37 40 51 57
591  . 45 48 63 67 77
592  . 7 40 41 54 64
593  . 21 28 29 43 67
594  . 22 32 53 63 65
595  . 22 24 30 67 71
596  . 5 31 36 40 78
597  . 23 45 57 58 66
598  . 43 44 46 64 75
599  . 24 28 49 71 78
600  . 3 13 32 54 56
