3783	09/05/15	13 39 40 50 66
3782	08/05/15	06 20 24 42 57
3781	07/05/15	45 47 49 74 80
3780	06/05/15	01 07 15 22 71
3779	05/05/15	21 30 31 43 54
3778	04/05/15	02 05 32 49 60
3777	02/05/15	05 18 19 31 45
3776	30/04/15	42 61 64 67 79
3775	29/04/15	14 29 44 45 47
3774	28/04/15	01 20 56 71 79
3773	27/04/15	31 50 59 70 74
3772	25/04/15	04 07 16 19 62
3771	24/04/15	12 16 30 55 68
3770	23/04/15	06 13 15 22 32
3769	22/04/15	36 52 58 67 76
3768	20/04/15	15 16 28 55 67
3767	18/04/15	17 21 28 34 63
3766	17/04/15	02 08 27 33 55
3765	16/04/15	11 38 39 58 68
3764	15/04/15	04 33 50 54 80
3763	14/04/15	04 08 23 60 71
3762	13/04/15	26 48 56 63 69
3761	11/04/15	06 09 29 46 48
3760	10/04/15	09 38 69 71 73
3759	09/04/15	03 23 34 45 53
3758	08/04/15	08 27 28 60 71
3757	07/04/15	27 30 48 57 67
3756	06/04/15	02 27 54 56 63
3755	04/04/15	16 41 63 68 78
3754	02/04/15	02 16 21 65 79
3753	01/04/15	01 14 15 22 36
3752	31/03/15	14 15 27 29 67
3751	30/03/15	43 50 65 66 68
3750	28/03/15	20 30 42 64 74
3749	27/03/15	16 20 29 33 47
3748	26/03/15	04 14 24 37 78
3747	25/03/15	06 08 14 20 58
3746	24/03/15	57 62 65 73 80
3745	23/03/15	02 12 67 75 78
3744	21/03/15	21 44 50 66 80
3743	20/03/15	07 16 32 68 78
3742	19/03/15	02 03 15 45 75
3741	18/03/15	19 23 72 79 80
3740	17/03/15	17 45 52 73 77
3739	16/03/15	28 45 56 63 68
3738	14/03/15	05 29 55 62 68
3737	13/03/15	04 20 35 50 52
3736	12/03/15	07 22 24 39 58
3735	11/03/15	17 29 44 71 75
3734	10/03/15	08 09 33 39 45
3733	09/03/15	20 24 39 45 77
3732	07/03/15	05 13 19 34 50
3731	06/03/15	33 41 43 75 79
3730	05/03/15	17 18 26 46 59
3729	04/03/15	03 15 16 19 72
3728	03/03/15	06 32 54 71 78
3727	02/03/15	08 31 37 45 71
3726	28/02/15	12 50 59 73 80
3725	27/02/15	33 40 56 70 74
3724	26/02/15	04 32 46 54 66
3723	25/02/15	23 39 44 52 69
3722	24/02/15	08 32 42 64 73
3721	23/02/15	17 39 44 49 57
3720	21/02/15	23 31 33 34 40
3719	20/02/15	04 20 21 55 56
3718	19/02/15	07 30 36 50 66
3717	18/02/15	30 37 38 52 55
3716	14/02/15	18 34 65 66 80
3715	13/02/15	26 28 31 33 62
3714	12/02/15	19 23 26 53 56
3713	11/02/15	21 39 41 49 54
3712	10/02/15	01 19 26 60 61
3711	09/02/15	18 32 55 64 73
3710	07/02/15	10 18 55 58 80
3709	06/02/15	06 11 25 35 74
3708	05/02/15	18 21 47 48 62
3707	04/02/15	05 19 34 70 72
3706	03/02/15	08 09 11 43 73
3705	02/02/15	22 27 49 52 63
3704	31/01/15	15 38 40 57 62
3703	30/01/15	09 12 16 43 67
3702	29/01/15	36 42 52 62 74
3701	28/01/15	09 15 35 40 78
3700	27/01/15	05 26 29 44 59
3699	26/01/15	10 14 52 74 75
3698	24/01/15	19 20 33 58 77
3697	23/01/15	06 49 53 66 67
3696	22/01/15	18 20 31 34 37
3695	21/01/15	11 32 47 67 76
3694	20/01/15	01 26 42 45 72
3693	19/01/15	25 31 63 67 70
3692	17/01/15	02 08 09 26 78
3691	16/01/15	06 11 19 53 72
3690	15/01/15	28 35 63 64 67
3689	14/01/15	10 36 44 52 72
3688	13/01/15	08 09 29 66 79
3687	12/01/15	33 50 59 60 78
3686	10/01/15	23 40 45 59 74
3685	09/01/15	17 19 35 53 76
3684	08/01/15	06 18 32 48 69
3683	07/01/15	26 28 31 43 76
3682	06/01/15	13 18 39 60 68
3681	05/01/15	10 14 15 29 31
3680	03/01/15	07 31 59 60 79
3679	02/01/15	11 16 23 56 61
3678	31/12/14	05 47 61 77 80
3677	30/12/14	16 22 67 72 73
3676	29/12/14	05 13 15 37 39
3675	27/12/14	34 49 52 77 79
3674	26/12/14	05 21 24 30 69
3673	24/12/14	02 06 29 66 80
3672	23/12/14	09 16 17 28 75
3671	22/12/14	03 16 25 29 39
3670	20/12/14	06 08 36 67 72
3669	19/12/14	13 39 40 45 55
3668	18/12/14	09 26 39 54 56
3667	17/12/14	18 22 49 63 65
3666	16/12/14	27 41 44 70 72
3665	15/12/14	22 26 58 60 61
3664	13/12/14	53 55 60 69 70
3663	12/12/14	17 32 62 67 79
3662	11/12/14	28 56 58 61 76
3661	10/12/14	02 06 32 63 66
3660	09/12/14	02 08 10 58 64
3659	08/12/14	04 33 44 49 57
3658	06/12/14	10 36 39 54 79
3657	05/12/14	09 35 44 57 75
3656	04/12/14	03 13 26 55 79
3655	03/12/14	02 11 13 22 29
3654	02/12/14	11 18 20 29 53
3653	01/12/14	09 13 16 37 58
3652	29/11/14	10 13 20 32 50
3651	28/11/14	17 44 66 70 80
3650	27/11/14	15 29 43 55 63
3649	26/11/14	01 04 17 24 42
3648	25/11/14	17 40 52 54 80
3647	24/11/14	09 24 35 63 79
3646	22/11/14	02 03 15 39 63
3645	21/11/14	09 17 26 42 46
3644	20/11/14	29 33 58 60 75
3643	19/11/14	21 33 53 64 80
3642	18/11/14	02 12 14 17 70
3641	17/11/14	04 09 53 61 63
3640	14/11/14	01 16 49 68 74
3639	13/11/14	29 32 34 39 63
3638	12/11/14	19 38 44 46 70
3637	11/11/14	19 29 42 52 63
3636	10/11/14	09 12 42 59 72
3635	08/11/14	42 44 56 59 64
3634	07/11/14	03 15 30 53 61
3633	06/11/14	01 20 49 57 77
3632	05/11/14	06 14 38 55 69
3631	04/11/14	06 32 54 55 75
3630	03/11/14	13 14 23 43 56
3629	01/11/14	01 08 25 45 57
3628	31/10/14	08 13 37 55 76
3627	30/10/14	03 35 37 57 80
3626	29/10/14	04 21 43 52 58
3625	28/10/14	29 42 53 75 77
3624	27/10/14	01 40 54 78 80
3623	25/10/14	31 40 61 68 72
3622	24/10/14	04 15 18 51 55
3621	23/10/14	13 19 55 57 63
3620	22/10/14	17 40 50 59 73
3619	21/10/14	19 31 57 67 71
3618	20/10/14	13 17 44 49 54
3617	18/10/14	04 05 60 75 79
3616	17/10/14	14 26 36 38 50
3615	16/10/14	21 39 58 61 69
3614	15/10/14	32 53 54 59 63
3613	14/10/14	19 22 28 31 33
3612	13/10/14	03 07 33 34 58
3611	11/10/14	16 18 40 62 75
3610	10/10/14	01 12 13 23 71
3609	09/10/14	23 37 50 69 77
3608	08/10/14	10 33 38 46 63
3607	07/10/14	11 51 68 69 74
3606	06/10/14	12 26 28 53 55
3605	04/10/14	12 24 34 44 78
3604	03/10/14	01 18 32 47 64
3603	02/10/14	01 38 49 62 73
3602	01/10/14	19 28 30 43 45
3601	30/09/14	02 06 07 31 79
3600	29/09/14	42 43 72 75 78
3599	27/09/14	09 35 45 71 73
3598	26/09/14	15 30 46 58 79
3597	25/09/14	01 21 28 54 68
3596	24/09/14	13 30 47 50 78
3595	23/09/14	08 35 41 45 54
3594	22/09/14	11 28 72 73 74
3593	20/09/14	20 35 45 65 69
3592	19/09/14	18 25 35 41 60
3591	18/09/14	11 13 15 37 75
3590	17/09/14	06 46 71 73 78
3589	16/09/14	02 17 30 41 64
3588	15/09/14	15 21 45 47 63
3587	13/09/14	26 35 51 70 78
3586	12/09/14	02 05 46 47 51
3585	11/09/14	16 23 50 59 65
3584	10/09/14	09 50 51 58 74
3583	09/09/14	23 39 44 54 57
3582	08/09/14	44 50 52 60 70
3581	06/09/14	17 34 53 63 77
3580	05/09/14	06 16 18 41 44
3579	04/09/14	11 34 35 58 73
3578	03/09/14	26 43 54 57 65
3577	02/09/14	31 34 51 55 78
3576	01/09/14	04 21 31 62 72
3575	30/08/14	02 16 19 22 36
3574	29/08/14	07 52 55 64 73
3573	28/08/14	02 09 43 64 80
3572	27/08/14	39 41 62 65 72
3571	26/08/14	26 44 56 64 65
3570	25/08/14	08 15 22 35 45
3569	23/08/14	15 42 54 61 69
3568	22/08/14	09 13 29 38 78
3567	21/08/14	11 24 28 31 37
3566	20/08/14	34 35 45 68 71
3565	19/08/14	18 26 48 53 75
3564	18/08/14	05 13 29 50 58
3563	16/08/14	41 48 63 67 71
3562	15/08/14	16 23 29 44 50
3561	14/08/14	13 15 44 69 78
3560	13/08/14	14 34 44 45 51
3559	12/08/14	14 34 39 55 56
3558	11/08/14	08 32 36 76 80
3557	09/08/14	01 10 38 56 63
3556	08/08/14	05 19 30 31 65
3555	07/08/14	11 19 31 44 68
3554	06/08/14	08 19 24 30 47
3553	05/08/14	01 14 27 55 62
3552	04/08/14	02 16 29 66 68
3551	02/08/14	37 38 52 65 75
3550	01/08/14	09 34 41 71 73
3549	31/07/14	05 07 08 47 77
3548	30/07/14	05 39 57 59 79
3547	29/07/14	26 30 52 69 76
3546	28/07/14	10 13 14 43 51
3545	26/07/14	37 54 65 70 80
3544	25/07/14	23 41 48 76 80
3543	24/07/14	25 36 42 45 52
3542	23/07/14	16 33 41 61 75
3541	22/07/14	17 30 47 52 54
3540	21/07/14	06 07 26 27 37
3539	19/07/14	05 19 21 26 40
3538	18/07/14	03 20 25 63 71
3537	17/07/14	36 48 51 54 65
3536	16/07/14	10 26 58 71 78
3535	15/07/14	05 13 49 58 75
3534	14/07/14	19 33 37 38 49
3533	12/07/14	15 21 33 38 73
3532	11/07/14	01 19 53 56 57
3531	10/07/14	09 46 50 67 79
3530	09/07/14	02 03 12 13 18
3529	08/07/14	06 14 18 35 61
3528	07/07/14	02 12 27 46 59
3527	05/07/14	17 50 59 66 77
3526	04/07/14	33 40 56 66 74
3525	03/07/14	01 04 12 25 61
3524	02/07/14	10 33 36 72 76
3523	01/07/14	05 19 60 70 72
3522	30/06/14	01 40 47 50 62
3521	28/06/14	21 41 52 58 71
3520	27/06/14	04 21 47 59 79
3519	26/06/14	39 46 50 64 72
3518	25/06/14	16 25 27 56 80
3517	24/06/14	15 26 55 71 79
3516	16/06/14	05 44 53 67 77
3515	14/06/14	01 60 61 66 73
3514	13/06/14	13 18 19 51 70
3513	12/06/14	22 25 41 56 58
3512	11/06/14	02 18 51 64 65
3511	10/06/14	06 21 26 31 48
3510	09/06/14	10 23 48 66 69
3509	07/06/14	18 19 32 34 78
3508	06/06/14	02 12 17 28 31
3507	05/06/14	17 19 30 43 45
3506	04/06/14	32 41 71 73 80
3505	03/06/14	24 53 61 62 72
3504	02/06/14	04 07 42 50 69
3503	31/05/14	22 53 62 68 70
3502	30/05/14	01 26 33 57 58
3501	29/05/14	23 26 36 43 65
3500	28/05/14	05 13 25 30 66
3499	27/05/14	11 21 26 29 64
3498	26/05/14	36 41 51 66 77
3497	24/05/14	04 10 23 61 64
3496	23/05/14	04 27 46 64 78
3495	22/05/14	04 15 16 33 44
3494	21/05/14	01 51 58 68 73
3493	20/05/14	01 17 27 39 55
3492	19/05/14	01 52 60 65 77
3491	17/05/14	09 32 54 55 75
3490	16/05/14	25 28 35 54 69
3489	15/05/14	01 02 07 23 61
3488	14/05/14	01 10 36 46 80
3487	13/05/14	04 08 41 76 79
3486	12/05/14	07 09 46 53 76
3485	10/05/14	16 23 27 43 50
3484	09/05/14	15 24 61 65 66
3483	08/05/14	17 19 39 55 79
3482	07/05/14	04 23 25 37 72
3481	06/05/14	11 18 52 61 68
3480	05/05/14	02 07 16 53 78
3479	03/05/14	01 03 13 27 56
3478	02/05/14	14 49 50 65 78
3477	30/04/14	19 51 56 60 70
3476	29/04/14	10 25 64 72 78
3475	28/04/14	09 24 65 74 77
3474	26/04/14	09 37 42 50 52
3473	25/04/14	03 28 49 70 73
3472	24/04/14	07 38 57 66 73
3471	23/04/14	15 40 42 43 52
3470	22/04/14	12 16 21 56 78
3469	19/04/14	15 36 51 52 63
3468	17/04/14	03 09 15 50 72
3467	16/04/14	29 43 52 59 77
3466	15/04/14	02 17 64 73 74
3465	14/04/14	07 08 56 72 77
3464	12/04/14	12 13 18 59 66
3463	11/04/14	07 35 58 74 76
3462	10/04/14	09 21 43 48 71
3461	09/04/14	11 14 31 34 44
3460	08/04/14	08 39 45 56 57
3459	07/04/14	15 18 43 65 77
3458	05/04/14	10 24 52 71 77
3457	04/04/14	11 13 27 29 70
3456	03/04/14	08 17 33 36 75
3455	02/04/14	26 39 40 48 53
3454	01/04/14	07 08 23 45 73
3453	31/03/14	01 11 46 63 76
3452	29/03/14	04 05 45 48 75
3451	28/03/14	40 66 70 72 78
3450	27/03/14	18 22 37 43 66
3449	26/03/14	24 36 44 56 73
3448	25/03/14	02 12 35 44 80
3447	24/03/14	05 11 12 40 79
3446	22/03/14	01 32 52 59 77
3445	21/03/14	11 50 54 55 59
3444	20/03/14	53 56 60 64 68
3443	19/03/14	10 30 38 55 69
3442	18/03/14	06 08 22 25 47
3441	17/03/14	23 24 30 55 64
3440	15/03/14	04 24 38 67 79
3439	14/03/14	03 15 25 35 47
3438	13/03/14	48 56 64 66 76
3437	12/03/14	16 23 24 27 28
3436	11/03/14	25 32 40 61 79
3435	10/03/14	07 29 42 56 78
3434	08/03/14	33 45 49 54 69
3433	07/03/14	03 21 24 72 74
3432	06/03/14	42 58 62 73 76
3431	05/03/14	07 14 25 35 57
3430	01/03/14	06 14 34 51 58
3429	28/02/14	18 28 38 55 75
3428	27/02/14	09 10 24 59 66
3427	26/02/14	33 38 73 76 79
3426	25/02/14	26 27 29 62 73
3425	24/02/14	07 17 35 45 63
3424	22/02/14	26 36 37 42 73
3423	21/02/14	10 32 34 56 63
3422	20/02/14	05 12 34 40 53
3421	19/02/14	20 34 49 53 78
3420	18/02/14	05 11 28 30 63
3419	17/02/14	03 24 50 66 78
3418	15/02/14	53 59 67 72 75
3417	14/02/14	12 16 46 49 77
3416	13/02/14	03 20 63 68 77
3415	12/02/14	14 22 48 58 59
3414	11/02/14	06 11 18 31 59
3413	10/02/14	02 22 38 61 78
3412	08/02/14	15 29 36 40 59
3411	07/02/14	05 07 09 15 70
3410	06/02/14	14 37 53 68 72
3409	05/02/14	24 33 52 60 72
3408	04/02/14	07 48 62 70 77
3407	03/02/14	16 21 55 63 78
3406	01/02/14	23 37 41 44 80
3405	31/01/14	29 42 62 65 68
3404	30/01/14	28 31 49 53 78
3403	29/01/14	05 11 17 27 60
3402	28/01/14	12 18 29 50 65
3401	27/01/14	20 34 51 54 76
3400	25/01/14	28 39 43 57 63
3399	24/01/14	23 42 55 64 75
3398	23/01/14	38 50 54 57 64
3397	22/01/14	24 38 60 77 78
3396	21/01/14	24 32 44 63 71
3395	20/01/14	10 25 31 41 76
3394	18/01/14	11 28 58 74 76
3393	17/01/14	01 36 48 78 79
3392	16/01/14	03 37 42 56 57
3391	15/01/14	35 39 40 79 80
3390	14/01/14	10 17 20 37 61
3389	13/01/14	10 36 40 51 72
3388	11/01/14	18 34 38 42 59
3387	10/01/14	15 44 61 74 76
3386	09/01/14	01 22 30 47 57
3385	08/01/14	10 15 23 36 49
3384	07/01/14	26 46 47 48 73
3383	06/01/14	15 41 51 73 77
3382	04/01/14	15 27 55 60 80
3381	03/01/14	05 07 39 45 77
3380	02/01/14	20 52 53 55 66
3379	31/12/13	14 17 45 54 72
3378	30/12/13	06 08 42 67 78
3377	28/12/13	06 46 68 71 76
3376	27/12/13	04 38 56 79 80
3375	26/12/13	04 09 18 32 58
3374	24/12/13	01 16 30 45 50
3373	23/12/13	43 68 69 74 76
3372	21/12/13	19 40 53 74 79
3371	20/12/13	05 07 44 59 65
3370	19/12/13	06 36 43 63 67
3369	18/12/13	09 15 22 38 68
3368	17/12/13	22 23 24 44 67
3367	16/12/13	45 60 64 66 71
3366	14/12/13	03 22 30 48 50
3365	13/12/13	01 27 30 38 62
3364	12/12/13	07 29 41 54 79
3363	11/12/13	04 08 28 64 76
3362	10/12/13	03 19 45 49 80
3361	09/12/13	14 19 27 51 77
3360	07/12/13	27 30 37 58 80
3359	06/12/13	30 35 38 63 75
3358	05/12/13	02 19 22 31 78
3357	04/12/13	05 25 47 49 58
3356	03/12/13	02 25 43 60 67
3355	02/12/13	08 23 29 38 57
3354	30/11/13	16 20 28 62 72
3353	29/11/13	08 10 29 32 70
3352	28/11/13	11 22 29 46 72
3351	27/11/13	13 29 39 55 69
3350	26/11/13	10 27 35 54 73
3349	25/11/13	10 12 62 68 71
3348	23/11/13	30 36 37 50 75
3347	22/11/13	01 04 05 11 29
3346	21/11/13	45 47 58 62 72
3345	20/11/13	08 17 34 49 67
3344	19/11/13	22 60 64 70 74
3343	18/11/13	12 27 48 69 72
3342	16/11/13	04 16 18 22 73
3341	14/11/13	09 34 51 55 79
3340	13/11/13	05 13 20 44 62
3339	12/11/13	08 11 45 46 80
3338	11/11/13	06 18 29 30 75
3337	09/11/13	46 49 61 68 76
3336	08/11/13	01 15 44 45 54
3335	07/11/13	04 15 19 40 75
3334	06/11/13	04 42 56 66 76
3333	05/11/13	09 44 46 71 78
3332	04/11/13	12 13 33 35 54
3331	01/11/13	14 33 49 64 77
3330	31/10/13	18 33 41 42 77
3329	30/10/13	07 21 24 34 44
3328	29/10/13	17 38 55 62 78
3327	28/10/13	08 10 48 53 56
3326	26/10/13	50 53 56 59 66
3325	25/10/13	08 11 25 62 79
3324	24/10/13	25 26 33 44 75
3323	23/10/13	06 25 52 61 75
3322	22/10/13	14 29 33 51 58
3321	21/10/13	04 07 20 31 52
3320	19/10/13	36 42 47 49 53
3319	18/10/13	34 35 43 46 49
3318	17/10/13	10 26 52 58 68
3317	16/10/13	02 15 26 48 57
3316	15/10/13	13 24 27 50 61
3315	14/10/13	07 22 55 62 65
3314	11/10/13	10 14 21 25 56
3313	10/10/13	02 15 45 54 80
3312	09/10/13	03 04 35 37 46
3311	08/10/13	01 07 14 20 57
3310	07/10/13	17 19 39 43 54
3309	05/10/13	02 18 22 27 68
3308	04/10/13	15 17 32 45 71
3307	03/10/13	07 26 31 59 76
3306	02/10/13	26 35 43 53 71
3305	01/10/13	09 15 23 31 54
3304	30/09/13	04 13 27 42 62
3303	28/09/13	08 10 41 49 73
3302	27/09/13	31 34 36 50 77
3301	26/09/13	02 04 19 52 63
3300	25/09/13	14 38 49 64 67
3299	24/09/13	34 44 46 63 74
3298	23/09/13	07 17 18 28 73
3297	21/09/13	02 09 19 42 60
3296	20/09/13	03 43 44 60 66
3295	19/09/13	05 09 31 73 77
3294	18/09/13	01 28 47 50 55
3293	17/09/13	17 21 44 70 71
3292	16/09/13	28 51 55 69 73
3291	14/09/13	14 32 59 66 69
3290	13/09/13	07 12 26 32 37
3289	12/09/13	14 18 20 57 58
3288	11/09/13	01 15 44 66 68
3287	10/09/13	21 38 49 61 79
3286	09/09/13	06 23 50 58 61
3285	06/09/13	04 08 22 30 63
3284	05/09/13	10 18 24 34 57
3283	04/09/13	16 33 42 51 62
3282	03/09/13	10 21 22 36 63
3281	02/09/13	06 18 20 49 55
3280	31/08/13	24 36 38 65 70
3279	30/08/13	20 36 42 57 69
3278	29/08/13	11 12 17 24 78
3277	28/08/13	08 12 25 47 79
3276	27/08/13	17 26 29 46 70
3275	26/08/13	02 19 37 39 75
3274	24/08/13	41 54 57 62 77
3273	23/08/13	43 44 45 51 71
3272	22/08/13	25 41 48 52 64
3271	21/08/13	28 38 55 69 76
3270	20/08/13	23 40 42 75 77
3269	19/08/13	15 36 58 70 75
3268	17/08/13	16 49 52 76 80
3267	16/08/13	04 16 68 73 78
3266	15/08/13	14 32 50 57 77
3265	14/08/13	33 52 57 63 71
3264	13/08/13	14 21 25 26 47
3263	12/08/13	03 25 28 31 79
3262	10/08/13	18 44 59 63 70
3261	09/08/13	10 11 29 57 72
3260	08/08/13	18 23 39 53 58
3259	07/08/13	03 10 48 60 67
3258	06/08/13	32 34 46 58 80
3257	05/08/13	33 34 35 54 64
3256	03/08/13	32 34 46 47 80
3255	02/08/13	18 19 22 31 64
3254	01/08/13	16 50 59 66 79
3253	31/07/13	04 07 27 60 70
3252	30/07/13	08 20 43 71 80
3251	29/07/13	01 44 65 67 78
3250	27/07/13	15 25 28 63 78
3249	26/07/13	08 17 43 50 68
3248	25/07/13	28 36 37 38 77
3247	24/07/13	26 31 49 62 65
3246	23/07/13	35 39 51 74 80
3245	22/07/13	27 46 52 64 75
3244	20/07/13	24 31 38 57 68
3243	19/07/13	26 27 37 61 65
3242	18/07/13	08 09 16 64 68
3241	17/07/13	19 40 56 59 63
3240	16/07/13	24 41 57 68 79
3239	15/07/13	24 26 63 72 75
3238	13/07/13	20 39 40 49 58
3237	12/07/13	13 39 40 63 74
3236	11/07/13	09 17 61 64 66
3235	10/07/13	32 54 65 67 73
3234	09/07/13	14 48 59 60 68
3233	08/07/13	03 04 06 36 70
3232	06/07/13	05 31 59 61 78
3231	05/07/13	15 22 28 63 79
3230	04/07/13	01 29 38 61 69
3229	03/07/13	12 34 48 55 79
3228	02/07/13	10 33 53 69 70
3227	01/07/13	15 35 44 49 62
3226	29/06/13	14 20 21 23 59
3225	28/06/13	40 49 60 63 69
3224	27/06/13	36 55 59 63 72
3223	26/06/13	09 16 24 43 46
3222	25/06/13	21 23 38 44 72
3221	24/06/13	05 17 55 63 67
3220	15/06/13	15 48 59 69 76
3219	14/06/13	04 12 32 55 59
3218	13/06/13	11 29 48 56 72
3217	12/06/13	40 61 62 63 71
3216	11/06/13	07 11 42 47 78
3215	10/06/13	17 29 30 40 80
3214	08/06/13	07 10 16 25 75
3213	07/06/13	12 24 36 39 72
3212	06/06/13	19 34 35 58 61
3211	05/06/13	10 31 50 54 61
3210	04/06/13	04 21 42 55 68
3209	03/06/13	08 38 52 68 79
3208	01/06/13	02 13 18 26 62
3207	31/05/13	06 22 40 48 55
3206	29/05/13	04 45 68 70 74
3205	28/05/13	32 37 60 62 77
3204	27/05/13	09 15 38 49 50
3203	25/05/13	18 44 46 56 60
3202	24/05/13	01 26 34 37 58
3201	23/05/13	02 14 17 54 80
3200	22/05/13	02 12 57 68 73
3199	21/05/13	16 33 51 63 67
3198	20/05/13	15 28 41 47 51
3197	18/05/13	08 38 39 65 66
3196	17/05/13	16 40 45 46 80
3195	16/05/13	37 50 67 72 76
3194	15/05/13	20 26 33 41 60
3193	14/05/13	10 17 29 43 46
3192	13/05/13	05 30 38 56 77
3191	11/05/13	02 05 19 61 74
3190	10/05/13	13 49 57 59 78
3189	09/05/13	02 09 15 46 62
3188	08/05/13	26 28 36 53 79
3187	07/05/13	14 19 23 44 67
3186	06/05/13	12 22 48 52 57
3185	04/05/13	14 30 33 65 73
3184	03/05/13	04 07 14 16 43
3183	02/05/13	21 27 36 41 51
3182	30/04/13	16 29 32 48 54
3181	29/04/13	24 42 43 52 65
3180	27/04/13	02 21 27 43 57
3179	26/04/13	02 08 16 31 54
3178	25/04/13	01 16 19 72 73
3177	24/04/13	02 21 23 35 48
3176	23/04/13	02 05 06 11 51
3175	22/04/13	51 53 60 66 67
3174	20/04/13	04 11 33 59 76
3173	19/04/13	04 10 20 34 63
3172	18/04/13	43 68 69 71 76
3171	17/04/13	14 35 38 45 48
3170	16/04/13	02 15 27 34 69
3169	15/04/13	14 47 73 74 77
3168	13/04/13	10 14 31 53 67
3167	12/04/13	20 26 48 59 74
3166	11/04/13	04 11 16 34 63
3165	10/04/13	07 29 66 75 76
3164	09/04/13	21 39 41 66 74
3163	08/04/13	24 40 45 49 68
3162	06/04/13	04 19 22 39 41
3161	05/04/13	10 15 22 25 78
3160	04/04/13	13 16 25 32 69
3159	03/04/13	08 40 52 67 70
3158	02/04/13	06 20 39 57 75
3157	01/04/13	10 22 31 54 72
3156	30/03/13	20 51 59 68 73
3155	28/03/13	01 16 21 50 80
3154	27/03/13	10 21 26 38 54
3153	26/03/13	11 26 40 54 73
3152	25/03/13	10 38 44 47 59
3151	23/03/13	04 36 51 58 75
3150	22/03/13	19 28 49 53 77
3149	21/03/13	01 16 30 60 67
3148	20/03/13	24 47 68 73 74
3147	19/03/13	11 37 41 64 70
3146	18/03/13	02 08 56 72 73
3145	16/03/13	04 15 28 34 52
3144	15/03/13	30 38 45 53 63
3143	14/03/13	19 24 26 59 67
3142	13/03/13	20 45 58 69 78
3141	12/03/13	09 18 44 56 72
3140	11/03/13	11 19 27 48 55
3139	09/03/13	13 22 46 67 68
3138	08/03/13	19 20 47 56 76
3137	07/03/13	10 21 29 33 68
3136	06/03/13	15 29 52 79 80
3135	05/03/13	11 22 34 44 72
3134	04/03/13	14 39 45 50 80
3133	02/03/13	07 14 49 56 74
3132	01/03/13	02 29 34 47 70
3131	28/02/13	11 18 50 51 80
3130	27/02/13	07 30 44 45 57
3129	26/02/13	21 33 37 51 71
3128	25/02/13	08 12 22 52 64
3127	23/02/13	37 60 61 72 76
3126	22/02/13	14 27 31 36 45
3125	21/02/13	40 44 45 52 64
3124	20/02/13	28 37 56 59 65
3123	19/02/13	17 38 57 61 72
3122	18/02/13	03 11 29 30 37
3121	16/02/13	01 05 41 57 78
3120	15/02/13	26 30 31 39 60
3119	14/02/13	03 23 25 29 68
3118	13/02/13	23 25 41 72 75
3117	09/02/13	22 24 37 40 48
3116	08/02/13	02 12 45 59 74
3115	07/02/13	01 25 53 67 74
3114	06/02/13	14 19 38 45 47
3113	05/02/13	14 15 41 42 73
3112	04/02/13	20 24 25 31 38
3111	02/02/13	01 04 49 56 68
3110	01/02/13	45 46 55 65 76
3109	31/01/13	07 25 46 64 73
3108	30/01/13	04 08 10 34 54
3107	29/01/13	24 41 42 54 55
3106	28/01/13	35 52 64 71 80
3105	26/01/13	22 43 53 61 75
3104	25/01/13	03 16 36 65 74
3103	24/01/13	07 26 32 37 42
3102	23/01/13	06 32 51 61 78
3101	22/01/13	09 14 22 30 51
3100	21/01/13	16 23 24 30 76
3099	19/01/13	22 42 46 61 68
3098	18/01/13	20 31 34 41 61
3097	17/01/13	06 41 42 47 58
3096	16/01/13	06 19 49 76 80
3095	15/01/13	13 30 33 61 75
3094	14/01/13	07 17 27 56 75
3093	12/01/13	11 12 13 42 48
3092	11/01/13	11 23 28 35 37
3091	10/01/13	14 27 43 59 66
3090	09/01/13	03 12 54 62 67
3089	08/01/13	04 23 28 39 79
3088	07/01/13	38 42 47 64 66
3087	05/01/13	15 16 41 46 47
3086	04/01/13	12 14 27 53 74
3085	03/01/13	12 28 30 36 39
3084	02/01/13	17 28 30 31 47
3083	31/12/12	37 48 65 69 75
3082	29/12/12	01 04 19 53 57
3081	28/12/12	33 36 39 44 62
3080	27/12/12	39 42 54 56 57
3079	26/12/12	11 18 32 51 56
3078	24/12/12	21 40 43 53 59
3077	22/12/12	04 56 67 74 77
3076	21/12/12	08 33 40 54 73
3075	20/12/12	07 21 42 49 57
3074	19/12/12	01 25 29 61 62
3073	18/12/12	10 23 48 63 74
3072	17/12/12	07 08 20 26 66
3071	15/12/12	06 13 19 20 72
3070	14/12/12	11 45 62 67 77
3069	13/12/12	01 10 34 49 76
3068	12/12/12	07 27 45 53 56
3067	11/12/12	11 38 48 51 55
3066	10/12/12	24 32 42 53 73
3065	08/12/12	03 09 40 60 61
3064	07/12/12	15 43 56 63 79
3063	06/12/12	08 20 32 42 68
3062	05/12/12	28 30 44 57 70
3061	04/12/12	27 51 54 63 74
3060	03/12/12	12 16 45 61 65
3059	01/12/12	13 26 40 67 69
3058	30/11/12	10 18 24 69 80
3057	29/11/12	04 33 58 61 76
3056	28/11/12	16 37 60 63 64
3055	27/11/12	07 13 15 17 48
3054	26/11/12	18 50 55 65 77
3053	24/11/12	04 09 47 51 58
3052	23/11/12	06 24 65 66 78
3051	22/11/12	13 33 46 51 70
3050	21/11/12	04 51 58 69 77
3049	20/11/12	15 32 45 69 72
3048	19/11/12	26 27 40 43 52
3047	17/11/12	21 40 63 72 74
3046	16/11/12	05 53 55 57 63
3045	14/11/12	19 26 42 43 50
3044	13/11/12	01 11 53 57 79
3043	12/11/12	12 17 37 45 64
3042	10/11/12	02 09 47 68 70
3041	09/11/12	27 29 39 47 66
3040	08/11/12	08 61 62 64 65
3039	07/11/12	07 16 38 54 56
3038	06/11/12	20 59 62 67 71
3037	05/11/12	05 22 28 64 80
3036	03/11/12	12 18 31 35 45
3035	01/11/12	13 34 46 51 77
3034	31/10/12	12 20 47 71 74
3033	30/10/12	28 61 70 74 77
3032	29/10/12	15 17 41 50 72
3031	27/10/12	07 12 15 43 58
3030	26/10/12	25 39 52 64 79
3029	25/10/12	02 39 44 48 60
3028	24/10/12	09 24 31 39 78
3027	23/10/12	06 22 40 57 63
3026	22/10/12	06 42 51 52 80
3025	20/10/12	02 17 30 45 70
3024	19/10/12	15 16 30 38 79
3023	18/10/12	04 38 44 76 78
3022	17/10/12	35 40 54 66 71
3021	16/10/12	32 38 60 71 80
3020	15/10/12	12 27 49 59 79
3019	13/10/12	01 12 23 46 51
3018	11/10/12	21 50 51 61 73
3017	10/10/12	45 46 48 53 59
3016	09/10/12	20 34 36 53 62
3015	08/10/12	03 61 63 69 70
3014	06/10/12	19 33 53 61 63
3013	05/10/12	58 71 73 74 77
3012	04/10/12	28 36 42 45 49
3011	03/10/12	01 05 36 64 79
3010	02/10/12	09 11 22 35 52
3009	01/10/12	07 12 40 49 65
3008	29/09/12	15 50 76 77 79
3007	28/09/12	09 51 54 58 69
3006	27/09/12	04 24 28 46 72
3005	26/09/12	22 32 39 54 66
3004	25/09/12	33 36 55 68 80
3003	24/09/12	13 21 38 44 74
3002	22/09/12	17 21 43 55 57
3001	21/09/12	30 37 42 66 78
3000	20/09/12	02 21 31 37 57
2999	19/09/12	09 23 42 63 68
2998	18/09/12	10 17 24 46 53
2997	17/09/12	20 40 43 61 70
2996	15/09/12	17 32 39 55 72
2995	14/09/12	04 12 33 38 62
2994	13/09/12	16 37 55 70 71
2993	12/09/12	12 29 31 34 68
2992	11/09/12	05 06 16 22 47
2991	10/09/12	24 29 30 35 62
2990	08/09/12	05 23 33 37 67
2989	06/09/12	41 44 66 73 79
2988	05/09/12	24 29 36 69 70
2987	04/09/12	10 26 65 66 68
2986	03/09/12	16 27 29 38 39
2985	01/09/12	02 35 43 61 70
2984	31/08/12	31 45 69 71 75
2983	30/08/12	11 21 41 71 79
2982	29/08/12	05 13 67 68 74
2981	28/08/12	34 51 58 61 73
2980	27/08/12	05 42 59 78 79
2979	25/08/12	16 35 49 50 74
2978	24/08/12	05 31 39 60 79
2977	23/08/12	05 17 18 28 80
2976	22/08/12	01 33 40 67 75
2975	21/08/12	15 25 49 56 65
2974	20/08/12	08 11 64 72 78
2973	18/08/12	21 36 41 58 69
2972	17/08/12	36 40 45 57 70
2971	16/08/12	13 24 26 49 66
2970	15/08/12	07 32 69 72 74
2969	14/08/12	14 15 18 30 57
2968	13/08/12	25 27 31 35 75
2967	11/08/12	07 19 34 59 62
2966	10/08/12	02 09 33 41 63
2965	09/08/12	08 15 28 48 79
2964	08/08/12	03 27 43 49 72
2963	07/08/12	46 52 55 56 73
2962	06/08/12	02 17 20 60 68
2961	04/08/12	23 28 33 51 79
2960	03/08/12	01 05 07 30 56
2959	02/08/12	01 15 47 63 66
2958	01/08/12	12 17 37 55 64
2957	31/07/12	07 21 23 69 75
2956	30/07/12	10 17 41 47 50
2955	28/07/12	19 39 54 60 75
2954	27/07/12	03 14 20 31 51
2953	26/07/12	06 10 23 55 69
2952	25/07/12	02 52 65 75 77
2951	24/07/12	14 17 28 37 75
2950	23/07/12	27 34 50 57 61
2949	21/07/12	14 54 71 73 79
2948	20/07/12	29 40 44 50 74
2947	19/07/12	08 26 48 66 71
2946	18/07/12	08 10 22 24 62
2945	17/07/12	01 11 39 41 75
2944	16/07/12	02 10 11 25 48
2943	14/07/12	10 22 26 48 78
2942	13/07/12	09 27 59 61 65
2941	12/07/12	05 17 32 53 79
2940	11/07/12	25 29 40 69 75
2939	10/07/12	07 16 19 55 62
2938	09/07/12	04 35 37 39 42
2937	07/07/12	03 29 43 57 69
2936	06/07/12	29 30 39 57 66
2935	05/07/12	18 21 29 46 74
2934	04/07/12	42 46 49 60 71
2933	03/07/12	08 18 59 64 68
2932	02/07/12	10 27 37 45 59
2931	30/06/12	05 27 32 64 73
2930	29/06/12	01 05 27 62 67
2929	28/06/12	27 32 57 61 80
2928	27/06/12	14 19 26 37 80
2927	26/06/12	14 48 51 63 73
2926	25/06/12	24 36 42 62 75
2925	23/06/12	02 04 27 36 51
2924	16/06/12	04 29 57 59 65
2923	15/06/12	13 19 37 50 72
2922	14/06/12	19 24 40 75 80
2921	13/06/12	03 18 30 33 69
2920	12/06/12	10 52 64 67 72
2919	11/06/12	05 23 51 63 72
2918	09/06/12	15 26 27 30 59
2917	08/06/12	01 06 48 57 71
2916	06/06/12	02 33 38 51 70
2915	05/06/12	07 14 17 74 80
2914	04/06/12	09 13 22 35 44
2913	02/06/12	05 15 26 64 65
2912	01/06/12	35 44 50 57 70
2911	31/05/12	25 40 46 50 57
2910	30/05/12	11 28 30 63 73
2909	29/05/12	12 27 30 40 61
2908	28/05/12	13 17 21 48 62
2907	26/05/12	16 36 44 53 61
2906	25/05/12	05 65 66 68 75
2905	24/05/12	05 14 24 43 78
2904	23/05/12	12 36 54 59 73
2903	22/05/12	04 15 24 39 66
2902	21/05/12	42 46 48 74 75
2901	19/05/12	01 02 20 36 73
2900	18/05/12	20 36 54 56 61
2899	17/05/12	43 51 55 68 71
2898	16/05/12	02 47 67 72 77
2897	15/05/12	11 33 50 51 76
2896	14/05/12	04 05 23 26 77
2895	12/05/12	17 21 22 35 74
2894	11/05/12	11 16 22 49 53
2893	10/05/12	14 42 53 59 69
2892	09/05/12	10 37 50 59 61
2891	08/05/12	05 13 17 62 77
2890	07/05/12	05 17 27 58 70
2889	05/05/12	20 22 51 59 66
2888	04/05/12	09 19 35 72 73
2887	03/05/12	08 23 43 50 71
2886	02/05/12	01 18 30 53 56
2885	30/04/12	12 29 61 69 73
2884	28/04/12	28 44 65 72 76
2883	27/04/12	28 50 60 61 76
2882	26/04/12	24 28 34 42 70
2881	25/04/12	32 45 48 79 80
2880	24/04/12	59 62 67 69 73
2879	23/04/12	30 31 38 76 80
2878	20/04/12	05 06 32 76 77
2877	19/04/12	10 20 58 61 73
2876	18/04/12	15 46 53 70 73
2875	17/04/12	05 24 37 53 71
2874	16/04/12	16 23 48 53 71
2873	14/04/12	37 50 58 65 76
2872	13/04/12	06 13 15 33 54
2871	12/04/12	08 30 39 70 77
2870	11/04/12	02 26 42 61 74
2869	10/04/12	23 36 64 65 73
2868	09/04/12	23 25 27 40 74
2867	07/04/12	12 18 37 45 59
2866	05/04/12	17 21 47 53 65
2865	04/04/12	16 17 37 65 69
2864	03/04/12	21 35 66 71 76
2863	02/04/12	35 39 47 61 66
2862	31/03/12	03 15 19 53 75
2861	30/03/12	05 17 39 58 69
2860	29/03/12	19 55 58 70 74
2859	28/03/12	10 31 42 76 77
2858	27/03/12	23 37 62 63 72
2857	26/03/12	03 40 45 65 72
2856	24/03/12	05 28 64 67 79
2855	23/03/12	04 11 49 65 71
2854	22/03/12	06 10 11 53 55
2853	21/03/12	03 06 10 20 76
2852	20/03/12	01 20 27 33 48
2851	19/03/12	08 14 15 24 28
2850	17/03/12	20 28 39 52 70
2849	16/03/12	21 56 67 68 77
2848	15/03/12	15 33 39 55 62
2847	14/03/12	37 39 45 52 71
2846	13/03/12	19 23 45 61 77
2845	12/03/12	05 31 40 43 49
2844	10/03/12	03 21 29 39 75
2843	09/03/12	11 24 27 31 79
2842	08/03/12	32 36 37 44 68
2841	07/03/12	14 39 47 56 68
2840	06/03/12	18 37 40 44 71
2839	05/03/12	13 45 48 52 73
2838	03/03/12	09 10 21 32 59
2837	02/03/12	49 57 60 66 70
2836	01/03/12	03 15 43 57 68
2835	29/02/12	14 15 38 58 77
2834	28/02/12	06 27 30 49 58
2833	27/02/12	24 41 52 62 78
2832	25/02/12	16 24 47 61 68
2831	24/02/12	14 23 34 43 54
2830	23/02/12	22 24 41 69 73
2829	22/02/12	27 35 41 42 44
2828	18/02/12	22 23 33 79 80
2827	17/02/12	20 54 57 73 75
2826	16/02/12	12 16 29 30 48
2825	15/02/12	18 26 35 52 63
2824	14/02/12	01 45 48 60 61
2823	13/02/12	02 10 16 23 57
2822	11/02/12	15 25 39 41 74
2821	10/02/12	01 24 68 78 79
2820	09/02/12	06 29 44 45 58
2819	08/02/12	17 33 41 54 71
2818	07/02/12	23 60 66 71 74
2817	06/02/12	01 53 61 71 78
2816	04/02/12	20 46 57 75 77
2815	03/02/12	04 34 40 46 77
2814	02/02/12	01 29 38 39 52
2813	01/02/12	06 23 31 38 52
2812	31/01/12	50 54 63 79 80
2811	30/01/12	16 19 59 62 69
2810	28/01/12	12 44 45 59 76
2809	27/01/12	23 31 47 58 76
2808	26/01/12	38 53 59 74 78
2807	25/01/12	18 39 50 53 65
2806	24/01/12	17 31 54 55 72
2805	23/01/12	12 21 29 43 69
2804	21/01/12	10 17 40 57 69
2803	20/01/12	02 06 36 41 80
2802	19/01/12	12 14 16 24 74
2801	18/01/12	01 18 20 23 26
2800	17/01/12	13 18 35 45 47
2799	16/01/12	23 35 40 48 80
2798	14/01/12	09 22 68 72 79
2797	13/01/12	24 39 45 64 65
2796	12/01/12	19 42 43 50 78
2795	11/01/12	26 27 33 73 74
2794	10/01/12	01 29 53 57 60
2793	09/01/12	13 19 35 56 62
2792	07/01/12	29 47 64 65 77
2791	06/01/12	01 16 32 38 67
2790	05/01/12	01 12 43 69 75
2789	04/01/12	10 11 40 45 79
2788	03/01/12	03 24 35 46 79
2787	02/01/12	08 27 32 59 75
2786	31/12/11	20 35 42 45 57
2785	30/12/11	06 33 43 53 62
2784	29/12/11	05 29 42 49 74
2783	28/12/11	12 27 35 71 79
2782	27/12/11	08 27 34 59 61
2781	26/12/11	08 13 53 54 55
2780	24/12/11	09 33 46 48 70
2779	23/12/11	05 17 29 49 72
2778	22/12/11	18 29 53 56 68
2777	21/12/11	27 41 42 45 67
2776	20/12/11	04 35 53 68 74
2775	19/12/11	10 36 56 61 74
2774	17/12/11	05 31 44 45 74
2773	16/12/11	06 16 29 36 54
2772	15/12/11	31 46 47 60 67
2771	14/12/11	02 12 17 42 72
2770	13/12/11	22 28 51 58 75
2769	12/12/11	20 53 58 66 72
2768	10/12/11	07 18 49 56 75
2767	09/12/11	09 42 74 76 78
2766	08/12/11	28 39 58 59 77
2765	07/12/11	02 07 20 53 64
2764	06/12/11	17 38 40 52 70
2763	05/12/11	03 04 26 60 61
2762	03/12/11	03 17 46 63 78
2761	02/12/11	44 46 50 63 79
2760	01/12/11	09 16 17 58 64
2759	30/11/11	14 26 27 55 56
2758	29/11/11	13 24 65 73 74
2757	28/11/11	07 29 49 72 73
2756	26/11/11	03 04 23 34 57
2755	25/11/11	04 08 33 67 72
2754	24/11/11	15 27 47 61 71
2753	23/11/11	23 46 50 63 75
2752	22/11/11	08 28 33 37 77
2751	21/11/11	15 23 49 51 71
2750	19/11/11	02 16 50 73 78
2749	18/11/11	20 27 72 75 79
2748	17/11/11	18 26 37 49 77
2747	16/11/11	19 36 38 54 66
2746	14/11/11	26 31 39 45 80
2745	12/11/11	01 30 42 57 71
2744	11/11/11	14 28 29 36 41
2743	10/11/11	15 43 56 69 77
2742	09/11/11	15 20 48 75 79
2741	08/11/11	08 30 40 68 77
2740	07/11/11	22 30 49 63 64
2739	05/11/11	01 11 15 27 65
2738	04/11/11	31 53 55 60 68
2737	03/11/11	08 13 28 31 74
2736	01/11/11	13 14 42 58 61
2735	31/10/11	03 08 42 75 77
2734	29/10/11	34 40 42 49 66
2733	28/10/11	40 66 67 72 77
2732	27/10/11	24 28 31 35 47
2731	26/10/11	04 10 19 68 79
2730	25/10/11	35 45 47 76 79
2729	24/10/11	16 43 51 59 76
2728	22/10/11	23 34 36 52 69
2727	21/10/11	22 61 65 66 70
2726	20/10/11	04 12 17 61 62
2725	19/10/11	10 12 42 48 60
2724	18/10/11	30 51 57 66 79
2723	17/10/11	04 47 51 63 75
2722	15/10/11	25 29 36 56 70
2721	14/10/11	20 29 32 43 65
2720	13/10/11	02 08 33 60 75
2719	11/10/11	04 11 40 60 67
2718	10/10/11	18 30 49 59 60
2717	08/10/11	18 26 46 55 56
2716	07/10/11	09 25 29 31 78
2715	06/10/11	06 46 52 53 56
2714	05/10/11	04 20 35 59 77
2713	04/10/11	07 36 42 49 76
2712	03/10/11	08 40 41 70 80
2711	01/10/11	45 52 57 68 70
2710	30/09/11	11 31 34 43 60
2709	29/09/11	03 35 68 75 78
2708	28/09/11	19 30 36 51 57
2707	27/09/11	11 15 29 48 67
2706	26/09/11	28 29 40 46 67
2705	24/09/11	01 03 05 67 79
2704	23/09/11	15 48 52 53 76
2703	22/09/11	12 25 43 46 68
2702	21/09/11	31 51 59 73 77
2701	20/09/11	38 43 60 70 76
2700	19/09/11	08 14 69 71 79
2699	17/09/11	28 50 57 71 72
2698	16/09/11	18 24 30 66 76
2697	15/09/11	07 09 13 18 24
2696	14/09/11	28 40 62 76 79
2695	13/09/11	02 46 50 55 72
2694	12/09/11	32 35 44 55 65
2693	10/09/11	04 06 22 34 43
2692	09/09/11	35 51 71 77 79
2691	08/09/11	15 16 24 27 67
2690	06/09/11	19 31 36 46 70
2689	05/09/11	04 18 21 76 79
2688	03/09/11	13 36 40 55 56
2687	02/09/11	05 18 24 41 63
2686	01/09/11	04 20 28 60 78
2685	31/08/11	30 53 59 64 80
2684	30/08/11	04 13 51 52 62
2683	29/08/11	06 17 25 26 76
2682	27/08/11	23 34 63 73 74
2681	26/08/11	35 42 62 69 73
2680	25/08/11	12 27 49 55 70
2679	24/08/11	32 42 45 64 77
2678	23/08/11	09 24 32 54 63
2677	22/08/11	34 50 54 56 69
2676	20/08/11	16 34 35 45 60
2675	19/08/11	31 36 46 47 59
2674	18/08/11	06 09 30 39 40
2673	17/08/11	03 23 32 72 80
2672	16/08/11	09 22 56 60 64
2671	15/08/11	18 19 50 54 67
2670	13/08/11	01 36 46 54 70
2669	12/08/11	19 20 22 26 61
2668	11/08/11	16 22 54 67 77
2667	10/08/11	27 28 38 44 57
2666	09/08/11	05 07 16 25 26
2665	08/08/11	23 44 54 68 79
2664	06/08/11	02 23 39 47 66
2663	05/08/11	45 48 55 59 80
2662	04/08/11	02 21 53 59 74
2661	03/08/11	03 16 17 34 67
2660	02/08/11	03 09 10 40 70
2659	01/08/11	12 26 38 49 62
2658	30/07/11	08 28 42 51 68
2657	29/07/11	06 09 12 25 27
2656	28/07/11	13 26 45 63 68
2655	27/07/11	16 64 66 74 77
2654	26/07/11	02 41 53 71 72
2653	25/07/11	18 23 48 78 79
2652	23/07/11	41 57 60 68 80
2651	22/07/11	06 10 16 49 78
2650	21/07/11	08 19 29 47 74
2649	20/07/11	11 18 20 58 60
2648	19/07/11	39 52 54 63 69
2647	18/07/11	16 32 37 53 59
2646	16/07/11	09 22 43 53 67
2645	15/07/11	23 31 46 47 76
2644	14/07/11	28 33 71 72 79
2643	13/07/11	03 23 33 68 73
2642	12/07/11	22 59 62 63 77
2641	11/07/11	05 21 36 45 73
2640	09/07/11	04 12 26 57 67
2639	08/07/11	23 24 37 49 78
2638	07/07/11	08 24 26 35 75
2637	06/07/11	26 27 46 51 75
2636	05/07/11	29 35 36 48 62
2635	04/07/11	04 20 40 50 62
2634	02/07/11	10 23 44 56 71
2633	01/07/11	02 14 28 35 48
2632	30/06/11	16 52 56 59 65
2631	29/06/11	05 10 24 51 64
2630	28/06/11	07 41 48 58 62
2629	27/06/11	43 45 48 66 69
2628	25/06/11	04 37 49 51 68
2627	24/06/11	14 15 28 58 68
2626	18/06/11	37 42 48 64 71
2625	17/06/11	17 20 29 56 61
2624	16/06/11	32 49 57 62 71
2623	15/06/11	03 10 52 60 62
2622	14/06/11	09 27 55 63 74
2621	13/06/11	28 30 49 61 80
2620	11/06/11	05 22 39 40 56
2619	10/06/11	04 05 06 42 66
2618	09/06/11	01 13 53 54 72
2617	08/06/11	07 12 16 35 50
2616	07/06/11	07 15 16 40 43
2615	06/06/11	19 31 47 49 65
2614	04/06/11	04 21 29 30 80
2613	03/06/11	02 15 38 41 61
2612	02/06/11	03 22 34 72 75
2611	01/06/11	25 32 51 64 80
2610	31/05/11	18 21 43 45 47
2609	30/05/11	01 11 35 77 79
2608	28/05/11	03 08 49 54 63
2607	27/05/11	20 27 29 48 67
2606	26/05/11	20 36 59 65 79
2605	25/05/11	34 53 67 73 79
2604	24/05/11	25 29 71 72 78
2603	23/05/11	06 28 36 55 76
2602	21/05/11	04 05 13 14 17
2601	20/05/11	05 12 29 35 65
2600	19/05/11	01 08 43 65 80
2599	18/05/11	16 31 36 44 68
2598	17/05/11	39 49 50 67 76
2597	16/05/11	33 50 52 69 70
2596	14/05/11	05 18 49 59 65
2595	13/05/11	29 40 43 62 68
2594	12/05/11	32 42 44 52 62
2593	11/05/11	02 05 27 29 80
2592	10/05/11	42 54 57 63 68
2591	09/05/11	46 49 55 57 70
2590	07/05/11	22 23 50 68 69
2589	06/05/11	18 40 62 66 75
2588	05/05/11	18 59 62 72 77
2587	04/05/11	12 28 39 58 80
2586	03/05/11	18 28 39 44 55
2585	02/05/11	04 05 10 34 55
2584	30/04/11	23 35 50 55 75
2583	29/04/11	10 22 23 35 60
2582	28/04/11	15 29 58 67 70
2581	27/04/11	05 22 36 41 79
2580	26/04/11	20 38 40 45 48
2579	25/04/11	33 46 72 74 78
2578	23/04/11	04 13 51 72 73
2577	20/04/11	15 27 40 68 76
2576	19/04/11	28 33 39 46 74
2575	18/04/11	07 11 13 26 35
2574	16/04/11	06 13 32 47 50
2573	15/04/11	10 26 33 37 59
2572	14/04/11	16 28 34 64 77
2571	13/04/11	28 51 59 68 77
2570	12/04/11	36 39 75 78 79
2569	11/04/11	04 10 11 21 53
2568	09/04/11	07 19 46 69 73
2567	08/04/11	06 48 53 77 79
2566	07/04/11	15 25 37 43 55
2565	06/04/11	04 46 48 49 65
2564	05/04/11	15 22 34 60 61
2563	04/04/11	44 58 66 67 75
2562	02/04/11	04 10 15 48 54
2561	01/04/11	02 26 51 52 65
2560	31/03/11	02 10 14 24 34
2559	30/03/11	34 37 55 60 70
2558	29/03/11	12 39 40 70 75
2557	28/03/11	05 27 30 50 62
2556	26/03/11	05 20 26 52 80
2555	25/03/11	10 36 38 51 80
2554	24/03/11	03 62 63 66 69
2553	23/03/11	01 22 38 57 62
2552	22/03/11	39 41 42 63 69
2551	21/03/11	04 05 15 46 60
2550	19/03/11	17 21 50 68 76
2549	18/03/11	17 22 25 39 40
2548	17/03/11	04 10 52 73 75
2547	16/03/11	15 26 62 74 80
2546	15/03/11	06 23 33 36 53
2545	14/03/11	01 08 55 74 80
2544	12/03/11	16 19 21 28 61
2543	11/03/11	08 28 34 48 64
2542	10/03/11	36 48 52 71 74
2541	09/03/11	07 14 24 62 68
2540	05/03/11	37 42 49 51 76
2539	04/03/11	22 29 50 58 78
2538	03/03/11	22 31 48 70 76
2537	02/03/11	12 46 48 72 77
2536	01/03/11	14 24 27 73 75
2535	28/02/11	07 25 26 37 55
2534	26/02/11	04 07 33 52 57
2533	25/02/11	04 08 18 47 78
2532	24/02/11	04 07 60 73 74
2531	23/02/11	05 28 55 58 78
2530	22/02/11	04 11 18 38 64
2529	21/02/11	23 32 71 75 77
2528	19/02/11	11 48 49 50 54
2527	18/02/11	01 19 37 44 48
2526	17/02/11	21 34 37 43 71
2525	16/02/11	29 33 47 63 76
2524	15/02/11	04 05 06 41 76
2523	14/02/11	36 38 57 67 68
2522	12/02/11	45 47 52 73 76
2521	11/02/11	10 40 59 64 74
2520	10/02/11	06 07 14 51 52
2519	09/02/11	31 33 39 49 54
2518	08/02/11	06 32 47 54 78
2517	07/02/11	10 14 22 68 77
2516	05/02/11	06 28 37 38 77
2515	04/02/11	18 24 41 67 76
2514	03/02/11	15 27 30 58 61
2513	02/02/11	16 26 47 50 78
2512	01/02/11	31 39 46 66 79
2511	31/01/11	03 21 39 45 53
2510	29/01/11	34 50 71 77 78
2509	28/01/11	13 61 69 70 71
2508	27/01/11	12 17 23 26 60
2507	26/01/11	31 60 62 73 76
2506	25/01/11	44 47 49 55 80
2505	24/01/11	25 38 39 52 53
2504	22/01/11	26 47 54 55 79
2503	21/01/11	37 39 43 68 75
2502	20/01/11	08 31 49 63 64
2501	19/01/11	04 39 41 54 73
2500	18/01/11	28 61 66 68 70
2499	17/01/11	09 13 28 55 64
2498	15/01/11	07 08 45 47 62
2497	14/01/11	10 31 44 53 75
2496	13/01/11	03 28 33 52 57
2495	12/01/11	12 18 26 31 33
2494	11/01/11	07 12 52 68 79
2493	10/01/11	02 14 31 60 64
2492	08/01/11	14 28 39 71 77
2491	07/01/11	32 37 44 50 58
2490	06/01/11	15 41 48 52 58
2489	05/01/11	07 24 29 35 56
2488	04/01/11	02 04 26 49 55
2487	03/01/11	01 30 50 57 65
