00001 - 07 08 14 22 69
00002 - 07 08 16 69 70
00003 - 07 08 25 26 28
00004 - 07 08 26 61 79
00005 - 07 08 30 39 47
00006 - 07 08 31 44 50
00007 - 07 08 33 37 46
00008 - 07 08 51 61 68
00009 - 07 08 54 56 62
00010 - 07 08 55 58 67
00011 - 07 14 16 22 67
00012 - 07 14 25 47 67
00013 - 07 14 26 70 79
00014 - 07 14 28 31 67
00015 - 07 14 28 46 54
00016 - 07 14 30 61 62
00017 - 07 14 33 39 44
00018 - 07 14 37 58 68
00019 - 07 14 50 55 56
00020 - 07 14 51 54 61
00021 - 07 16 22 31 54
00022 - 07 16 22 50 58
00023 - 07 16 25 30 44
00024 - 07 16 26 28 62
00025 - 07 16 26 55 68
00026 - 07 16 33 51 69
00027 - 07 16 37 61 70
00028 - 07 16 39 50 79
00029 - 07 16 46 47 56
00030 - 07 22 25 33 62
00031 - 07 22 26 30 58
00032 - 07 22 28 44 68
00033 - 07 22 28 68 70
00034 - 07 22 37 47 79
00035 - 07 22 39 51 56
00036 - 07 22 46 55 61
00037 - 07 25 30 56 79
00038 - 07 25 31 37 55
00039 - 07 25 37 50 70
00040 - 07 25 39 46 68
00041 - 07 25 50 61 69
00042 - 07 25 51 54 58
00043 - 07 25 55 67 70
00044 - 07 26 31 51 79
00045 - 07 26 33 47 61
00046 - 07 26 37 56 69
00047 - 07 26 39 46 70
00048 - 07 26 39 50 54
00049 - 07 26 44 46 67
00050 - 07 28 30 37 51
00051 - 07 28 33 47 50
00052 - 07 28 33 58 79
00053 - 07 28 39 55 69
00054 - 07 28 56 61 67
00055 - 07 30 31 46 69
00056 - 07 30 33 54 55
00057 - 07 30 44 56 70
00058 - 07 30 50 67 68
00059 - 07 31 33 56 68
00060 - 07 31 39 58 61
00061 - 07 31 47 62 70
00062 - 07 33 51 67 70
00063 - 07 33 54 58 70
00064 - 07 37 39 62 67
00065 - 07 37 44 54 61
00066 - 07 44 47 51 55
00067 - 07 44 55 62 79
00068 - 07 44 58 62 69
00069 - 07 46 47 56 58
00070 - 07 46 50 51 62
00071 - 07 46 62 68 79
00072 - 07 47 54 68 69
00073 - 07 54 67 69 79
00074 - 08 14 16 28 61
00075 - 08 14 25 37 62
00076 - 08 14 26 30 67
00077 - 08 14 31 58 79
00078 - 08 14 33 55 68
00079 - 08 14 39 46 50
00080 - 08 14 44 54 70
00081 - 08 14 47 51 56
00082 - 08 16 22 33 39
00083 - 08 16 25 31 55
00084 - 08 16 26 33 56
00085 - 08 16 26 37 58
00086 - 08 16 30 46 51
00087 - 08 16 44 54 58
00088 - 08 16 47 51 70
00089 - 08 16 50 62 68
00090 - 08 16 67 70 79
00091 - 08 22 25 44 51
00092 - 08 22 26 46 56
00093 - 08 22 28 39 58
00094 - 08 22 30 54 68
00095 - 08 22 30 55 70
00096 - 08 22 31 33 47
00097 - 08 22 37 61 67
00098 - 08 22 50 62 79
00099 - 08 25 30 46 61
00100 - 08 25 31 39 54
00101 - 08 25 33 50 67
00102 - 08 25 39 70 79
00103 - 08 25 47 55 69
00104 - 08 25 56 58 68
00105 - 08 26 31 33 70
00106 - 08 26 33 39 51
00107 - 08 26 44 47 62
00108 - 08 26 50 68 69
00109 - 08 26 54 55 61
00110 - 08 28 30 50 56
00111 - 08 28 31 61 70
00112 - 08 28 33 54 69
00113 - 08 28 37 47 68
00114 - 08 28 44 46 55
00115 - 08 28 46 54 79
00116 - 08 28 51 62 67
00117 - 08 30 31 44 79
00118 - 08 30 33 58 62
00119 - 08 30 37 44 69
00120 - 08 31 37 39 51
00121 - 08 31 46 62 68
00122 - 08 31 56 67 69
00123 - 08 33 44 56 61
00124 - 08 33 68 70 79
00125 - 08 37 39 56 70
00126 - 08 37 50 51 54
00127 - 08 37 55 56 79
00128 - 08 39 44 67 68
00129 - 08 39 51 55 58
00130 - 08 39 61 62 69
00131 - 08 46 47 54 67
00132 - 08 46 58 69 70
00133 - 08 47 50 58 61
00134 - 08 47 51 69 79
00135 - 08 50 55 62 70
00136 - 14 16 22 30 37
00137 - 14 16 25 54 68
00138 - 14 16 26 31 51
00139 - 14 16 30 37 55
00140 - 14 16 33 46 79
00141 - 14 16 39 47 79
00142 - 14 16 44 56 62
00143 - 14 16 50 67 69
00144 - 14 16 55 58 70
00145 - 14 22 25 46 58
00146 - 14 22 26 47 54
00147 - 14 22 26 51 70
00148 - 14 22 28 33 56
00149 - 14 22 30 55 79
00150 - 14 22 31 39 62
00151 - 14 22 44 50 61
00152 - 14 22 51 67 68
00153 - 14 25 26 44 55
00154 - 14 25 28 50 51
00155 - 14 25 30 31 33
00156 - 14 25 30 62 70
00157 - 14 25 39 56 69
00158 - 14 25 61 68 79
00159 - 14 26 28 39 68
00160 - 14 26 33 37 50
00161 - 14 26 46 62 69
00162 - 14 26 56 58 61
00163 - 14 28 30 44 47
00164 - 14 28 33 46 70
00165 - 14 28 37 69 79
00166 - 14 28 55 58 62
00167 - 14 30 39 51 58
00168 - 14 30 46 56 68
00169 - 14 30 50 54 69
00170 - 14 31 37 54 56
00171 - 14 31 44 68 69
00172 - 14 31 46 47 55
00173 - 14 31 50 68 70
00174 - 14 31 56 61 70
00175 - 14 33 46 61 67
00176 - 14 33 47 58 69
00177 - 14 33 51 54 62
00178 - 14 37 39 47 61
00179 - 14 37 44 46 51
00180 - 14 37 67 69 70
00181 - 14 39 46 51 79
00182 - 14 39 47 67 70
00183 - 14 39 54 55 67
00184 - 14 44 58 67 79
00185 - 14 47 50 62 68
00186 - 14 50 54 58 79
00187 - 14 51 55 61 69
00188 - 14 56 62 67 79
00189 - 16 22 25 26 61
00190 - 16 22 28 44 79
00191 - 16 22 37 55 62
00192 - 16 22 46 62 70
00193 - 16 22 47 50 55
00194 - 16 22 51 58 79
00195 - 16 22 56 68 69
00196 - 16 25 28 46 67
00197 - 16 25 33 47 70
00198 - 16 25 37 50 79
00199 - 16 25 39 51 62
00200 - 16 25 51 55 69
00201 - 16 25 56 58 70
00202 - 16 26 28 37 54
00203 - 16 26 30 67 70
00204 - 16 26 39 46 58
00205 - 16 26 44 69 79
00206 - 16 26 47 54 62
00207 - 16 26 50 69 70
00208 - 16 28 30 39 69
00209 - 16 28 31 44 70
00210 - 16 28 33 55 67
00211 - 16 28 37 47 67
00212 - 16 28 46 58 68
00213 - 16 28 50 51 56
00214 - 16 30 31 47 58
00215 - 16 30 33 39 68
00216 - 16 30 50 61 70
00217 - 16 30 54 56 67
00218 - 16 30 54 62 79
00219 - 16 31 33 50 58
00220 - 16 31 37 46 69
00221 - 16 31 39 62 67
00222 - 16 31 56 61 79
00223 - 16 31 58 67 68
00224 - 16 33 37 44 62
00225 - 16 33 39 54 61
00226 - 16 37 39 55 56
00227 - 16 37 51 68 70
00228 - 16 39 44 50 70
00229 - 16 44 46 55 61
00230 - 16 44 47 61 68
00231 - 16 44 51 61 67
00232 - 16 46 50 51 54
00233 - 16 47 54 69 70
00234 - 16 54 55 68 79
00235 - 16 58 61 62 69
00236 - 22 25 26 31 68
00237 - 22 25 28 47 61
00238 - 22 25 30 39 50
00239 - 22 25 37 54 69
00240 - 22 25 44 69 70
00241 - 22 25 46 69 79
00242 - 22 25 55 56 67
00243 - 22 26 28 50 67
00244 - 22 26 33 55 69
00245 - 22 26 37 39 44
00246 - 22 26 51 61 62
00247 - 22 26 67 68 79
00248 - 22 28 30 62 69
00249 - 22 28 31 37 46
00250 - 22 28 51 54 55
00251 - 22 30 31 56 61
00252 - 22 30 33 44 67
00253 - 22 30 46 47 51
00254 - 22 31 33 54 79
00255 - 22 31 44 55 58
00256 - 22 31 50 51 69
00257 - 22 31 54 67 70
00258 - 22 33 37 51 58
00259 - 22 33 39 61 70
00260 - 22 33 46 50 68
00261 - 22 37 47 50 70
00262 - 22 37 56 62 68
00263 - 22 39 46 67 69
00264 - 22 39 47 55 68
00265 - 22 39 54 61 79
00266 - 22 44 46 54 62
00267 - 22 44 47 56 69
00268 - 22 47 58 62 67
00269 - 22 50 54 56 58
00270 - 22 56 58 70 79
00271 - 22 58 61 68 69
00272 - 25 26 28 70 79
00273 - 25 26 30 51 69
00274 - 25 26 33 54 56
00275 - 25 26 37 46 47
00276 - 25 26 39 61 67
00277 - 25 26 50 58 62
00278 - 25 28 30 55 68
00279 - 25 28 31 58 69
00280 - 25 28 33 37 39
00281 - 25 28 44 54 67
00282 - 25 28 46 56 62
00283 - 25 30 37 58 67
00284 - 25 30 47 54 62
00285 - 25 31 44 61 62
00286 - 25 31 46 51 70
00287 - 25 31 47 50 56
00288 - 25 31 51 67 79
00289 - 25 33 44 46 69
00290 - 25 33 44 56 79
00291 - 25 33 47 51 68
00292 - 25 33 55 58 61
00293 - 25 37 44 50 68
00294 - 25 37 51 56 61
00295 - 25 39 44 47 58
00296 - 25 39 55 62 79
00297 - 25 46 50 54 55
00298 - 25 47 54 58 79
00299 - 25 54 61 68 70
00300 - 25 62 67 68 69
00301 - 26 28 30 33 46
00302 - 26 28 31 55 56
00303 - 26 28 44 61 69
00304 - 26 28 47 51 58
00305 - 26 30 31 44 54
00306 - 26 30 37 61 68
00307 - 26 30 39 50 55
00308 - 26 30 39 56 62
00309 - 26 30 47 50 79
00310 - 26 31 33 62 67
00311 - 26 31 37 58 70
00312 - 26 31 39 47 69
00313 - 26 31 46 50 61
00314 - 26 33 37 62 79
00315 - 26 33 44 58 68
00316 - 26 37 51 55 67
00317 - 26 39 44 70 79
00318 - 26 44 50 51 56
00319 - 26 46 51 54 68
00320 - 26 46 55 58 79
00321 - 26 47 55 61 70
00322 - 26 47 56 67 68
00323 - 26 54 56 70 79
00324 - 26 54 58 67 69
00325 - 26 55 62 68 70
00326 - 28 30 31 39 70
00327 - 28 30 39 67 79
00328 - 28 30 47 55 70
00329 - 28 30 54 58 61
00330 - 28 31 33 44 51
00331 - 28 31 47 62 79
00332 - 28 31 50 54 68
00333 - 28 33 61 62 68
00334 - 28 33 67 68 69
00335 - 28 37 44 56 58
00336 - 28 37 50 55 61
00337 - 28 37 54 62 70
00338 - 28 39 44 50 62
00339 - 28 39 46 51 61
00340 - 28 39 47 54 56
00341 - 28 46 47 50 69
00342 - 28 50 55 61 79
00343 - 28 50 58 67 70
00344 - 28 51 56 68 79
00345 - 28 51 56 69 70
00346 - 30 31 37 50 62
00347 - 30 31 47 67 68
00348 - 30 31 51 55 68
00349 - 30 33 37 47 56
00350 - 30 33 50 69 70
00351 - 30 33 51 61 79
00352 - 30 37 39 46 54
00353 - 30 37 46 70 79
00354 - 30 39 44 55 61
00355 - 30 44 46 50 58
00356 - 30 44 51 62 68
00357 - 30 46 55 62 67
00358 - 30 47 58 68 70
00359 - 30 47 61 67 69
00360 - 30 50 51 54 70
00361 - 30 51 54 56 67
00362 - 30 55 56 58 69
00363 - 30 58 68 69 79
00364 - 31 33 37 61 69
00365 - 31 33 39 50 55
00366 - 31 33 46 54 58
00367 - 31 37 39 68 79
00368 - 31 37 44 47 67
00369 - 31 39 44 46 56
00370 - 31 46 50 67 79
00371 - 31 47 51 54 61
00372 - 31 51 56 58 62
00373 - 31 54 55 62 69
00374 - 31 55 61 67 68
00375 - 31 55 69 70 79
00376 - 33 37 44 55 70
00377 - 33 37 54 67 68
00378 - 33 39 46 47 62
00379 - 33 39 56 58 67
00380 - 33 39 56 69 79
00381 - 33 44 47 50 54
00382 - 33 46 51 55 56
00383 - 33 47 55 67 79
00384 - 33 50 51 61 79
00385 - 33 50 56 62 69
00386 - 33 55 56 62 70
00387 - 37 39 50 58 69
00388 - 37 44 51 54 79
00389 - 37 46 50 56 67
00390 - 37 46 55 68 69
00391 - 37 46 58 61 62
00392 - 37 47 51 62 69
00393 - 37 47 54 55 58
00394 - 37 58 61 67 79
00395 - 39 44 51 54 69
00396 - 39 46 54 55 70
00397 - 39 47 50 51 67
00398 - 39 50 56 61 68
00399 - 39 51 68 69 70
00400 - 39 54 58 62 68
00401 - 39 58 62 70 79
00402 - 44 46 47 61 79
00403 - 44 46 47 68 70
00404 - 44 50 55 67 69
00405 - 44 50 68 69 79
00406 - 44 51 58 61 70
00407 - 44 54 55 56 68
00408 - 44 56 62 67 70
00409 - 46 50 56 70 79
00410 - 46 51 58 67 69
00411 - 46 54 56 61 69
00412 - 46 61 67 68 70
00413 - 47 55 56 61 62
00414 - 47 56 68 70 79
00415 - 50 51 55 58 68
00416 - 50 54 61 62 67
00417 - 51 55 62 70 79
00418 - 61 62 69 70 79