00001 - 01 02 11 27 33 45
00002 - 01 02 12 24 36 41
00003 - 01 02 19 20 27 33
00004 - 01 02 20 25 40 46
00005 - 01 11 12 33 36 40
00006 - 01 11 19 25 33 41
00007 - 01 11 20 24 33 46
00008 - 01 12 19 20 36 46
00009 - 01 12 25 27 36 45
00010 - 01 19 24 25 40 41
00011 - 01 19 24 27 40 45
00012 - 01 20 27 41 45 46
00013 - 02 11 12 19 27 46
00014 - 02 11 12 41 45 46
00015 - 02 11 19 25 40 45
00016 - 02 11 20 24 36 45
00017 - 02 12 19 20 27 41
00018 - 02 12 25 33 40 41
00019 - 02 19 24 33 36 46
00020 - 02 24 25 27 36 40
00021 - 11 12 19 20 24 25
00022 - 11 19 25 27 36 46
00023 - 11 20 24 27 40 41
00024 - 11 20 36 40 41 46
00025 - 12 19 20 33 40 45
00026 - 12 20 24 25 45 46
00027 - 12 24 27 33 36 45
00028 - 12 24 27 33 40 46
00029 - 19 36 40 41 45 46
00030 - 20 25 27 33 36 41
00031 - 24 25 33 41 45 46
