00001 - 12 14 15 65 73
00002 - 12 14 21 31 65
00003 - 12 14 43 65 77
00004 - 12 14 53 60 65
00005 - 12 14 56 65 70
00006 - 12 15 21 56 70
00007 - 12 15 31 43 77
00008 - 12 15 31 53 60
00009 - 12 21 43 53 73
00010 - 12 21 60 73 77
00011 - 12 31 56 70 73
00012 - 12 43 56 60 70
00013 - 12 53 56 70 77
00014 - 14 15 21 70 73
00015 - 14 15 31 56 73
00016 - 14 15 43 60 73
00017 - 14 15 53 73 77
00018 - 14 21 43 56 77
00019 - 14 21 53 56 60
00020 - 14 31 43 53 70
00021 - 14 31 60 70 77
00022 - 15 21 31 65 70
00023 - 15 21 43 60 70
00024 - 15 21 53 70 77
00025 - 15 43 53 56 65
00026 - 15 56 60 65 77
00027 - 21 31 43 60 65
00028 - 21 31 53 65 77
00029 - 21 31 56 65 73
00030 - 31 43 56 73 77
00031 - 31 53 56 60 73
00032 - 43 53 60 65 77
00033 - 43 65 70 73 77
00034 - 53 60 65 70 73
00001 - 09 10 12 59 68
00002 - 09 10 18 21 59
00003 - 09 10 29 59 71
00004 - 09 10 33 54 59
00005 - 09 10 36 59 60
00006 - 09 12 18 36 60
00007 - 09 12 21 29 71
00008 - 09 12 21 33 54
00009 - 09 18 29 33 68
00010 - 09 18 54 68 71
00011 - 09 21 36 60 68
00012 - 09 29 36 54 60
00013 - 09 33 36 60 71
00014 - 10 12 18 60 68
00015 - 10 12 21 36 68
00016 - 10 12 29 54 68
00017 - 10 12 33 68 71
00018 - 10 18 29 36 71
00019 - 10 18 33 36 54
00020 - 10 21 29 33 60
00021 - 10 21 54 60 71
00022 - 12 18 21 59 60
00023 - 12 18 29 54 60
00024 - 12 18 33 60 71
00025 - 12 29 33 36 59
00026 - 12 36 54 59 71
00027 - 18 21 29 54 59
00028 - 18 21 33 59 71
00029 - 18 21 36 59 68
00030 - 21 29 36 68 71
00031 - 21 33 36 54 68
00032 - 29 33 54 59 71
00033 - 29 59 60 68 71
00034 - 33 54 59 60 68