00001 - 04 05 09 51 61
00002 - 10 14 20 55 60
00003 - 04 05 12 19 28
00004 - 04 05 18 40 64
00005 - 04 05 33 59 64
00006 - 04 05 49 64 71
00007 - 04 09 12 33 40
00008 - 04 09 18 28 71
00009 - 04 09 19 40 64
00010 - 04 09 19 51 59
00011 - 04 09 28 49 64
00012 - 04 12 18 59 71
00013 - 04 12 49 59 61
00014 - 04 12 51 61 64
00015 - 04 18 19 33 61
00016 - 04 18 40 49 51
00017 - 04 19 49 61 71
00018 - 04 28 33 51 71
00019 - 04 28 40 59 61
00020 - 04 33 40 49 71
00021 - 05 09 12 49 71
00022 - 05 09 18 19 49
00023 - 05 09 28 33 40
00024 - 05 09 59 61 64
00025 - 05 12 18 40 61
00026 - 05 12 28 51 59
00027 - 05 12 33 49 64
00028 - 05 18 28 49 59
00029 - 05 18 33 51 71
00030 - 05 19 28 51 64
00031 - 05 19 33 40 61
00032 - 05 19 40 59 71
00033 - 05 28 40 49 51
00034 - 05 28 49 61 71
00035 - 09 12 18 51 64
00036 - 09 12 19 28 61
00037 - 09 12 40 49 59
00038 - 09 18 28 51 61
00039 - 09 18 33 40 59
00040 - 09 19 33 64 71
00041 - 09 28 59 64 71
00042 - 09 33 49 51 61
00043 - 09 40 51 61 71
00044 - 12 18 19 59 64
00045 - 12 18 28 33 49
00046 - 12 19 33 51 71
00047 - 12 19 40 49 51
00048 - 12 28 40 64 71
00049 - 12 33 59 61 71
00050 - 18 19 28 40 71
00051 - 18 19 51 59 61
00052 - 18 28 33 61 64
00053 - 18 49 61 64 71
00054 - 19 28 33 49 59
00055 - 19 40 49 61 64
00056 - 33 40 51 59 64
00057 - 49 51 59 64 71
00058 - 10 14 22 26 30
00059 - 10 14 24 37 68
00060 - 10 14 35 57 68
00061 - 10 14 49 68 71
00062 - 10 20 22 35 37
00063 - 10 20 24 30 71
00064 - 10 20 26 37 68
00065 - 10 20 26 55 57
00066 - 10 20 30 49 68
00067 - 10 22 24 57 71
00068 - 10 22 49 57 60
00069 - 10 22 55 60 68
00070 - 10 24 26 35 60
00071 - 10 24 37 49 55
00072 - 10 26 49 60 71
00073 - 10 30 35 55 71
00074 - 10 30 37 57 60
00075 - 10 35 37 49 71
00076 - 14 20 22 49 71
00077 - 14 20 24 26 49
00078 - 14 20 30 35 37
00079 - 14 20 57 60 68
00080 - 14 22 24 37 60
00081 - 14 22 30 55 57
00082 - 14 22 35 49 68
00083 - 14 24 30 49 57
00084 - 14 24 35 55 71
00085 - 14 26 30 55 68
00086 - 14 26 35 37 60
00087 - 14 26 37 57 71
00088 - 14 30 37 49 55
00089 - 14 30 49 60 71
00090 - 20 22 24 55 68
00091 - 20 22 26 30 60
00092 - 20 22 37 49 57
00093 - 20 24 30 55 60
00094 - 20 24 35 37 57
00095 - 20 26 35 68 71
00096 - 20 30 57 68 71
00097 - 20 35 49 55 60
00098 - 20 37 55 60 71
00099 - 22 24 26 57 68
00100 - 22 24 30 35 49
00101 - 22 26 35 55 71
00102 - 22 26 37 49 55
00103 - 22 30 37 68 71
00104 - 22 35 57 60 71
00105 - 24 26 30 37 71
00106 - 24 26 55 57 60
00107 - 24 30 35 60 68
00108 - 24 49 60 68 71
00109 - 26 30 35 49 57
00110 - 26 37 49 60 68
00111 - 35 37 55 57 68
00112 - 49 55 57 68 71