00001 - 02 11 13 40 53 68 70
00002 - 02 11 40 53 58 77 79
00003 - 02 14 25 26 27 32 58
00004 - 02 17 48 63 65 68 77
00005 - 02 18 22 66 68 74 77
00006 - 04 07 11 17 58 66 69
00007 - 04 07 17 32 40 53 72
00008 - 04 07 24 31 53 54 62
00009 - 04 09 17 22 27 38 74
00010 - 04 17 25 39 61 62 68
00011 - 04 17 25 63 68 74 77
00012 - 04 22 27 48 54 62 63
00013 - 04 27 29 43 48 66 68
00014 - 04 27 32 61 65 69 74
00015 - 07 11 17 18 29 39 74
00016 - 07 11 22 31 61 65 68
00017 - 07 13 18 24 31 43 53
00018 - 07 13 20 58 65 66 70
00019 - 07 20 25 29 40 68 70
00020 - 07 26 32 38 47 53 70
00021 - 09 11 14 18 20 39 53
00022 - 09 11 14 24 26 32 38
00023 - 09 11 24 32 58 62 79
00024 - 09 13 17 20 38 58 77
00025 - 09 18 25 48 58 62 63
00026 - 09 25 40 48 58 65 69
00027 - 09 38 40 54 65 70 74
00028 - 11 13 22 40 43 58 69
00029 - 11 13 24 29 39 68 70
00030 - 11 13 31 40 65 69 70
00031 - 11 14 17 24 54 63 77
00032 - 11 14 24 62 68 69 72
00033 - 11 25 31 47 65 68 70
00034 - 13 18 20 24 39 68 77
00035 - 13 20 22 27 31 33 58
00036 - 13 22 29 31 33 47 70
00037 - 13 25 43 53 63 65 79
00038 - 13 33 38 39 47 48 72
00039 - 13 38 53 68 70 72 77
00040 - 14 25 38 58 65 66 79
00041 - 17 22 29 39 61 68 69
00042 - 18 22 25 31 43 47 68
00043 - 22 40 43 48 61 72 77
00044 - 25 31 40 53 54 58 77
00045 - 26 31 47 61 62 70 72