00001 - 20 29 30 33 62
00002 - 20 29 30 41 56
00003 - 20 29 30 53 76
00004 - 20 29 30 56 78
00005 - 20 29 30 60 61
00006 - 20 29 33 41 76
00007 - 20 29 33 53 60
00008 - 20 29 33 56 61
00009 - 20 29 33 61 78
00010 - 20 29 41 53 61
00011 - 20 29 41 60 62
00012 - 20 29 41 62 78
00013 - 20 29 53 56 62
00014 - 20 29 53 60 78
00015 - 20 29 53 76 78
00016 - 20 29 56 60 76
00017 - 20 29 61 62 76
00018 - 20 30 33 41 60
00019 - 20 30 33 53 61
00020 - 20 30 33 56 76
00021 - 20 30 33 60 78
00022 - 20 30 33 76 78
00023 - 20 30 41 53 62
00024 - 20 30 41 61 76
00025 - 20 30 41 61 78
00026 - 20 30 53 56 60
00027 - 20 30 53 62 78
00028 - 20 30 56 61 62
00029 - 20 30 60 62 76
00030 - 20 30 62 76 78
00031 - 20 33 41 53 56
00032 - 20 33 41 53 78
00033 - 20 33 41 61 62
00034 - 20 33 53 62 76
00035 - 20 33 56 60 62
00036 - 20 33 56 62 78
00037 - 20 33 60 61 76
00038 - 20 41 53 60 76
00039 - 20 41 56 60 61
00040 - 20 41 56 60 78
00041 - 20 41 56 62 76
00042 - 20 41 61 76 78
00043 - 20 53 56 61 76
00044 - 20 53 56 61 78
00045 - 20 53 60 61 62
00046 - 20 56 60 76 78
00047 - 20 60 61 62 78
00048 - 29 30 33 41 53
00049 - 29 30 33 56 60
00050 - 29 30 33 61 76
00051 - 29 30 33 62 78
00052 - 29 30 41 53 78
00053 - 29 30 41 60 76
00054 - 29 30 41 61 62
00055 - 29 30 53 56 61
00056 - 29 30 53 60 62
00057 - 29 30 56 62 76
00058 - 29 30 60 61 78
00059 - 29 30 61 76 78
00060 - 29 33 41 56 62
00061 - 29 33 41 60 61
00062 - 29 33 41 60 78
00063 - 29 33 53 56 76
00064 - 29 33 53 56 78
00065 - 29 33 53 61 62
00066 - 29 33 60 62 76
00067 - 29 33 60 76 78
00068 - 29 41 53 56 60
00069 - 29 41 53 62 76
00070 - 29 41 56 61 76
00071 - 29 41 56 61 78
00072 - 29 41 56 76 78
00073 - 29 53 60 61 76
00074 - 29 53 61 62 78
00075 - 29 56 60 61 62
00076 - 29 56 60 62 78
00077 - 29 61 62 76 78
00078 - 30 33 41 56 61
00079 - 30 33 41 56 78
00080 - 30 33 41 62 76
00081 - 30 33 53 56 62
00082 - 30 33 53 60 76
00083 - 30 33 53 61 78
00084 - 30 33 60 61 62
00085 - 30 41 53 56 76
00086 - 30 41 53 60 61
00087 - 30 41 56 60 62
00088 - 30 41 60 62 78
00089 - 30 41 60 76 78
00090 - 30 41 62 76 78
00091 - 30 53 56 60 78
00092 - 30 53 56 76 78
00093 - 30 53 61 62 76
00094 - 30 56 60 61 76
00095 - 30 56 61 62 78
00096 - 33 41 53 60 62
00097 - 33 41 53 61 76
00098 - 33 41 53 76 78
00099 - 33 41 56 60 76
00100 - 33 41 61 62 78
00101 - 33 53 56 60 61
00102 - 33 53 60 62 78
00103 - 33 56 60 61 78
00104 - 33 56 61 62 76
00105 - 33 56 61 76 78
00106 - 33 56 62 76 78
00107 - 41 53 56 61 62
00108 - 41 53 56 62 78
00109 - 41 53 60 61 78
00110 - 41 60 61 62 76
00111 - 53 56 60 62 76
00112 - 53 60 61 76 78
00113 - 53 60 62 76 78