00001 - 01 02 06 14 21 38
00002 - 01 02 07 11 26 36
00003 - 01 02 08 09 14 21
00004 - 01 02 09 13 35 49
00005 - 01 06 07 21 26 35
00006 - 01 06 08 13 21 36
00007 - 01 06 09 11 21 49
00008 - 01 07 08 09 26 49
00009 - 01 07 13 14 26 38
00010 - 01 08 11 13 35 36
00011 - 01 08 11 14 35 38
00012 - 01 09 14 36 38 49
00013 - 02 06 07 08 14 49
00014 - 02 06 07 36 38 49
00015 - 02 06 08 13 35 38
00016 - 02 06 09 11 26 38
00017 - 02 07 08 09 14 36
00018 - 02 07 13 21 35 36
00019 - 02 08 11 21 26 49
00020 - 02 11 13 14 26 35
00021 - 06 07 08 09 11 13
00022 - 06 08 13 14 26 49
00023 - 06 09 11 14 35 36
00024 - 06 09 26 35 36 49
00025 - 07 08 09 21 35 38
00026 - 07 09 11 13 38 49
00027 - 07 11 14 21 26 38
00028 - 07 11 14 21 35 49
00029 - 08 26 35 36 38 49
00030 - 09 13 14 21 26 36
00031 - 11 13 21 36 38 49
