00001 - 05 11 26 68 79
00002 - 05 11 37 47 68
00003 - 05 11 48 68 80
00004 - 05 11 59 66 68
00005 - 05 11 63 68 76
00006 - 05 26 37 63 76
00007 - 05 26 47 48 80
00008 - 05 26 47 59 66
00009 - 05 37 48 59 79
00010 - 05 37 66 79 80
00011 - 05 47 63 76 79
00012 - 05 48 63 66 76
00013 - 05 59 63 76 80
00014 - 11 26 37 76 79
00015 - 11 26 47 63 79
00016 - 11 26 48 66 79
00017 - 11 26 59 79 80
00018 - 11 37 48 63 80
00019 - 11 37 59 63 66
00020 - 11 47 48 59 76
00021 - 11 47 66 76 80
00022 - 26 37 47 68 76
00023 - 26 37 48 66 76
00024 - 26 37 59 76 80
00025 - 26 48 59 63 68
00026 - 26 63 66 68 80
00027 - 37 47 48 66 68
00028 - 37 47 59 68 80
00029 - 37 47 63 68 79
00030 - 47 48 63 79 80
00031 - 47 59 63 66 79
00032 - 48 59 66 68 80
00033 - 48 68 76 79 80
00034 - 59 66 68 76 79
00001 - 01 03 05 48 63
00002 - 01 03 17 18 48
00003 - 01 03 28 48 70
00004 - 01 03 30 41 48
00005 - 01 03 39 48 54
00006 - 01 05 17 39 54
00007 - 01 05 18 28 70
00008 - 01 05 18 30 41
00009 - 01 17 28 30 63
00010 - 01 17 41 63 70
00011 - 01 18 39 54 63
00012 - 01 28 39 41 54
00013 - 01 30 39 54 70
00014 - 03 05 17 54 63
00015 - 03 05 18 39 63
00016 - 03 05 28 41 63
00017 - 03 05 30 63 70
00018 - 03 17 28 39 70
00019 - 03 17 30 39 41
00020 - 03 18 28 30 54
00021 - 03 18 41 54 70
00022 - 05 17 18 48 54
00023 - 05 17 28 41 54
00024 - 05 17 30 54 70
00025 - 05 28 30 39 48
00026 - 05 39 41 48 70
00027 - 17 18 28 41 48
00028 - 17 18 30 48 70
00029 - 17 18 39 48 63
00030 - 18 28 39 63 70
00031 - 18 30 39 41 63
00032 - 28 30 41 48 70
00033 - 28 48 54 63 70
00034 - 30 41 48 54 63
