00001 - 04 08 11 68 71
00002 - 10 13 16 62 65
00003 - 04 08 23 25 31
00004 - 04 08 24 37 74
00005 - 04 08 36 69 74
00006 - 04 08 67 74 77
00007 - 04 11 23 36 37
00008 - 04 11 24 31 77
00009 - 04 11 25 37 74
00010 - 04 11 25 68 69
00011 - 04 11 31 67 74
00012 - 04 23 24 69 77
00013 - 04 23 67 69 71
00014 - 04 23 68 71 74
00015 - 04 24 25 36 71
00016 - 04 24 37 67 68
00017 - 04 25 67 71 77
00018 - 04 31 36 68 77
00019 - 04 31 37 69 71
00020 - 04 36 37 67 77
00021 - 08 11 23 67 77
00022 - 08 11 24 25 67
00023 - 08 11 31 36 37
00024 - 08 11 69 71 74
00025 - 08 23 24 37 71
00026 - 08 23 31 68 69
00027 - 08 23 36 67 74
00028 - 08 24 31 67 69
00029 - 08 24 36 68 77
00030 - 08 25 31 68 74
00031 - 08 25 36 37 71
00032 - 08 25 37 69 77
00033 - 08 31 37 67 68
00034 - 08 31 67 71 77
00035 - 11 23 24 68 74
00036 - 11 23 25 31 71
00037 - 11 23 37 67 69
00038 - 11 24 31 68 71
00039 - 11 24 36 37 69
00040 - 11 25 36 74 77
00041 - 11 31 69 74 77
00042 - 11 36 67 68 71
00043 - 11 37 68 71 77
00044 - 23 24 25 69 74
00045 - 23 24 31 36 67
00046 - 23 25 36 68 77
00047 - 23 25 37 67 68
00048 - 23 31 37 74 77
00049 - 23 36 69 71 77
00050 - 24 25 31 37 77
00051 - 24 25 68 69 71
00052 - 24 31 36 71 74
00053 - 24 67 71 74 77
00054 - 25 31 36 67 69
00055 - 25 37 67 71 74
00056 - 36 37 68 69 74
00057 - 67 68 69 74 77
00058 - 10 13 27 37 49
00059 - 10 13 36 55 72
00060 - 10 13 52 64 72
00061 - 10 13 61 72 77
00062 - 10 16 27 52 55
00063 - 10 16 36 49 77
00064 - 10 16 37 55 72
00065 - 10 16 37 62 64
00066 - 10 16 49 61 72
00067 - 10 27 36 64 77
00068 - 10 27 61 64 65
00069 - 10 27 62 65 72
00070 - 10 36 37 52 65
00071 - 10 36 55 61 62
00072 - 10 37 61 65 77
00073 - 10 49 52 62 77
00074 - 10 49 55 64 65
00075 - 10 52 55 61 77
00076 - 13 16 27 61 77
00077 - 13 16 36 37 61
00078 - 13 16 49 52 55
00079 - 13 16 64 65 72
00080 - 13 27 36 55 65
00081 - 13 27 49 62 64
00082 - 13 27 52 61 72
00083 - 13 36 49 61 64
00084 - 13 36 52 62 77
00085 - 13 37 49 62 72
00086 - 13 37 52 55 65
00087 - 13 37 55 64 77
00088 - 13 49 55 61 62
00089 - 13 49 61 65 77
00090 - 16 27 36 62 72
00091 - 16 27 37 49 65
00092 - 16 27 55 61 64
00093 - 16 36 49 62 65
00094 - 16 36 52 55 64
00095 - 16 37 52 72 77
00096 - 16 49 64 72 77
00097 - 16 52 61 62 65
00098 - 16 55 62 65 77
00099 - 27 36 37 64 72
00100 - 27 36 49 52 61
00101 - 27 37 52 62 77
00102 - 27 37 55 61 62
00103 - 27 49 55 72 77
00104 - 27 52 64 65 77
00105 - 36 37 49 55 77
00106 - 36 37 62 64 65
00107 - 36 49 52 65 72
00108 - 36 61 65 72 77
00109 - 37 49 52 61 64
00110 - 37 55 61 65 72
00111 - 52 55 62 64 72
00112 - 61 62 64 72 77