00001 - 05 09 11 20 73
00002 - 23 27 28 29 76
00003 - 05 09 11 23 34
00004 - 05 09 11 27 71
00005 - 05 09 11 34 72
00006 - 05 09 11 35 54
00007 - 05 09 11 37 70
00008 - 05 09 11 40 56
00009 - 05 09 11 47 52
00010 - 05 09 20 23 72
00011 - 05 09 20 27 34
00012 - 05 09 20 35 52
00013 - 05 09 20 37 40
00014 - 05 09 20 47 54
00015 - 05 09 20 56 71
00016 - 05 09 20 70 72
00017 - 05 09 23 27 73
00018 - 05 09 23 34 71
00019 - 05 09 23 35 56
00020 - 05 09 23 37 47
00021 - 05 09 23 40 54
00022 - 05 09 23 52 70
00023 - 05 09 27 35 47
00024 - 05 09 27 37 56
00025 - 05 09 27 40 70
00026 - 05 09 27 52 54
00027 - 05 09 27 72 73
00028 - 05 09 34 35 70
00029 - 05 09 34 35 73
00030 - 05 09 34 37 54
00031 - 05 09 34 40 47
00032 - 05 09 34 52 56
00033 - 05 09 35 37 72
00034 - 05 09 35 40 71
00035 - 05 09 37 40 73
00036 - 05 09 37 52 71
00037 - 05 09 40 52 72
00038 - 05 09 47 52 73
00039 - 05 09 47 56 72
00040 - 05 09 47 70 71
00041 - 05 09 54 56 70
00042 - 05 09 54 56 73
00043 - 05 09 54 71 72
00044 - 05 09 70 71 73
00045 - 05 11 20 23 71
00046 - 05 11 20 27 34
00047 - 05 11 20 35 56
00048 - 05 11 20 37 47
00049 - 05 11 20 40 54
00050 - 05 11 20 52 70
00051 - 05 11 20 72 73
00052 - 05 11 23 27 72
00053 - 05 11 23 34 73
00054 - 05 11 23 35 47
00055 - 05 11 23 37 56
00056 - 05 11 23 40 70
00057 - 05 11 23 52 54
00058 - 05 11 27 35 70
00059 - 05 11 27 35 73
00060 - 05 11 27 37 54
00061 - 05 11 27 40 47
00062 - 05 11 27 52 56
00063 - 05 11 34 35 37
00064 - 05 11 34 40 52
00065 - 05 11 34 47 56
00066 - 05 11 34 54 71
00067 - 05 11 34 70 72
00068 - 05 11 35 40 72
00069 - 05 11 35 52 71
00070 - 05 11 37 40 71
00071 - 05 11 37 47 73
00072 - 05 11 37 52 72
00073 - 05 11 40 52 73
00074 - 05 11 47 54 70
00075 - 05 11 47 71 72
00076 - 05 11 54 56 72
00077 - 05 11 54 70 73
00078 - 05 11 56 70 71
00079 - 05 11 56 71 73
00080 - 05 20 23 27 34
00081 - 05 20 23 35 70
00082 - 05 20 23 35 73
00083 - 05 20 23 37 54
00084 - 05 20 23 40 47
00085 - 05 20 23 52 56
00086 - 05 20 27 34 71
00087 - 05 20 27 34 72
00088 - 05 20 27 34 73
00089 - 05 20 27 35 37
00090 - 05 20 27 40 52
00091 - 05 20 27 47 56
00092 - 05 20 27 54 70
00093 - 05 20 34 35 40
00094 - 05 20 34 37 52
00095 - 05 20 34 47 70
00096 - 05 20 34 54 56
00097 - 05 20 35 47 72
00098 - 05 20 35 54 71
00099 - 05 20 37 56 72
00100 - 05 20 37 70 71
00101 - 05 20 37 71 73
00102 - 05 20 40 56 70
00103 - 05 20 40 56 73
00104 - 05 20 40 71 72
00105 - 05 20 47 52 71
00106 - 05 20 47 70 73
00107 - 05 20 52 54 72
00108 - 05 20 52 54 73
00109 - 05 23 27 35 40
00110 - 05 23 27 37 52
00111 - 05 23 27 47 71
00112 - 05 23 27 54 56
00113 - 05 23 27 70 72
00114 - 05 23 34 35 54
00115 - 05 23 34 37 70
00116 - 05 23 34 40 56
00117 - 05 23 34 47 52
00118 - 05 23 34 72 73
00119 - 05 23 35 37 71
00120 - 05 23 35 52 72
00121 - 05 23 37 40 72
00122 - 05 23 37 54 73
00123 - 05 23 40 47 73
00124 - 05 23 40 52 71
00125 - 05 23 47 54 72
00126 - 05 23 47 56 70
00127 - 05 23 52 71 73
00128 - 05 23 54 70 71
00129 - 05 23 56 70 73
00130 - 05 23 56 71 72
00131 - 05 27 34 35 52
00132 - 05 27 34 37 40
00133 - 05 27 34 47 54
00134 - 05 27 34 56 70
00135 - 05 27 35 54 72
00136 - 05 27 35 56 71
00137 - 05 27 35 71 73
00138 - 05 27 37 47 70
00139 - 05 27 37 56 73
00140 - 05 27 37 71 72
00141 - 05 27 40 54 71
00142 - 05 27 40 54 73
00143 - 05 27 40 56 72
00144 - 05 27 47 52 72
00145 - 05 27 47 71 73
00146 - 05 27 52 70 71
00147 - 05 27 52 70 73
00148 - 05 34 35 47 71
00149 - 05 34 35 56 72
00150 - 05 34 37 47 72
00151 - 05 34 37 56 71
00152 - 05 34 37 70 73
00153 - 05 34 40 54 72
00154 - 05 34 40 70 71
00155 - 05 34 40 71 73
00156 - 05 34 47 54 73
00157 - 05 34 52 54 70
00158 - 05 34 52 56 73
00159 - 05 34 52 71 72
00160 - 05 35 37 40 47
00161 - 05 35 37 40 73
00162 - 05 35 37 52 54
00163 - 05 35 37 56 70
00164 - 05 35 40 52 56
00165 - 05 35 40 54 70
00166 - 05 35 47 52 70
00167 - 05 35 47 54 56
00168 - 05 35 47 56 73
00169 - 05 35 52 70 73
00170 - 05 35 54 72 73
00171 - 05 35 70 71 72
00172 - 05 37 40 52 70
00173 - 05 37 40 54 56
00174 - 05 37 47 52 56
00175 - 05 37 47 54 71
00176 - 05 37 52 72 73
00177 - 05 37 54 70 72
00178 - 05 40 47 52 54
00179 - 05 40 47 56 71
00180 - 05 40 47 70 72
00181 - 05 40 70 72 73
00182 - 05 47 56 72 73
00183 - 05 52 54 56 71
00184 - 05 52 56 70 72
00185 - 05 54 71 72 73
00186 - 09 11 20 23 27
00187 - 09 11 20 27 72
00188 - 09 11 20 34 71
00189 - 09 11 20 35 47
00190 - 09 11 20 37 56
00191 - 09 11 20 40 70
00192 - 09 11 20 52 54
00193 - 09 11 23 35 71
00194 - 09 11 23 37 54
00195 - 09 11 23 40 47
00196 - 09 11 23 52 56
00197 - 09 11 23 70 72
00198 - 09 11 23 72 73
00199 - 09 11 27 34 73
00200 - 09 11 27 35 37
00201 - 09 11 27 40 52
00202 - 09 11 27 47 56
00203 - 09 11 27 54 70
00204 - 09 11 34 35 40
00205 - 09 11 34 37 52
00206 - 09 11 34 47 70
00207 - 09 11 34 54 56
00208 - 09 11 35 52 72
00209 - 09 11 35 56 70
00210 - 09 11 35 56 73
00211 - 09 11 37 40 72
00212 - 09 11 37 47 71
00213 - 09 11 37 52 73
00214 - 09 11 40 47 73
00215 - 09 11 40 54 71
00216 - 09 11 47 54 72
00217 - 09 11 52 70 71
00218 - 09 11 54 71 73
00219 - 09 11 56 70 73
00220 - 09 11 56 71 72
00221 - 09 20 23 27 71
00222 - 09 20 23 34 73
00223 - 09 20 23 35 37
00224 - 09 20 23 40 52
00225 - 09 20 23 47 56
00226 - 09 20 23 54 70
00227 - 09 20 27 35 40
00228 - 09 20 27 35 73
00229 - 09 20 27 37 52
00230 - 09 20 27 47 70
00231 - 09 20 27 54 56
00232 - 09 20 34 35 54
00233 - 09 20 34 37 70
00234 - 09 20 34 40 56
00235 - 09 20 34 47 52
00236 - 09 20 34 72 73
00237 - 09 20 35 56 72
00238 - 09 20 35 70 71
00239 - 09 20 37 47 72
00240 - 09 20 37 54 71
00241 - 09 20 37 56 73
00242 - 09 20 40 47 71
00243 - 09 20 40 52 73
00244 - 09 20 40 54 72
00245 - 09 20 47 71 73
00246 - 09 20 52 56 70
00247 - 09 20 52 71 72
00248 - 09 20 54 70 73
00249 - 09 23 27 34 72
00250 - 09 23 27 35 54
00251 - 09 23 27 37 70
00252 - 09 23 27 40 56
00253 - 09 23 27 47 52
00254 - 09 23 34 35 52
00255 - 09 23 34 37 40
00256 - 09 23 34 47 54
00257 - 09 23 34 56 70
00258 - 09 23 35 40 72
00259 - 09 23 35 47 70
00260 - 09 23 35 47 73
00261 - 09 23 37 47 73
00262 - 09 23 37 52 72
00263 - 09 23 37 56 71
00264 - 09 23 40 54 73
00265 - 09 23 40 70 71
00266 - 09 23 47 71 72
00267 - 09 23 52 54 71
00268 - 09 23 52 70 73
00269 - 09 23 54 56 72
00270 - 09 23 56 71 73
00271 - 09 27 34 35 56
00272 - 09 27 34 37 47
00273 - 09 27 34 40 54
00274 - 09 27 34 52 71
00275 - 09 27 34 70 72
00276 - 09 27 35 52 70
00277 - 09 27 35 71 72
00278 - 09 27 37 40 71
00279 - 09 27 37 54 72
00280 - 09 27 37 54 73
00281 - 09 27 40 47 72
00282 - 09 27 40 56 73
00283 - 09 27 47 54 71
00284 - 09 27 47 70 73
00285 - 09 27 52 56 72
00286 - 09 27 52 71 73
00287 - 09 27 56 70 71
00288 - 09 34 35 37 71
00289 - 09 34 35 47 72
00290 - 09 34 35 71 73
00291 - 09 34 37 56 72
00292 - 09 34 37 71 73
00293 - 09 34 40 52 70
00294 - 09 34 40 70 73
00295 - 09 34 40 71 72
00296 - 09 34 47 56 71
00297 - 09 34 47 56 73
00298 - 09 34 52 54 72
00299 - 09 34 52 54 73
00300 - 09 34 54 70 71
00301 - 09 35 37 40 70
00302 - 09 35 37 47 54
00303 - 09 35 37 52 56
00304 - 09 35 37 72 73
00305 - 09 35 40 47 56
00306 - 09 35 40 52 54
00307 - 09 35 40 52 73
00308 - 09 35 47 52 71
00309 - 09 35 54 56 71
00310 - 09 35 54 70 72
00311 - 09 35 54 70 73
00312 - 09 37 40 47 52
00313 - 09 37 40 54 56
00314 - 09 37 47 56 70
00315 - 09 37 52 54 70
00316 - 09 37 70 71 72
00317 - 09 37 70 72 73
00318 - 09 40 47 54 70
00319 - 09 40 52 56 71
00320 - 09 40 56 70 72
00321 - 09 40 71 72 73
00322 - 09 47 52 54 56
00323 - 09 47 52 70 72
00324 - 09 47 54 72 73
00325 - 09 52 56 72 73
00326 - 11 20 23 27 73
00327 - 11 20 23 34 72
00328 - 11 20 23 35 40
00329 - 11 20 23 37 52
00330 - 11 20 23 47 70
00331 - 11 20 23 54 56
00332 - 11 20 27 35 54
00333 - 11 20 27 37 71
00334 - 11 20 27 40 56
00335 - 11 20 27 47 52
00336 - 11 20 27 70 72
00337 - 11 20 34 35 52
00338 - 11 20 34 35 73
00339 - 11 20 34 37 40
00340 - 11 20 34 47 54
00341 - 11 20 34 56 70
00342 - 11 20 35 37 70
00343 - 11 20 35 71 72
00344 - 11 20 37 40 73
00345 - 11 20 37 54 72
00346 - 11 20 40 47 72
00347 - 11 20 40 52 71
00348 - 11 20 47 52 73
00349 - 11 20 47 56 71
00350 - 11 20 52 56 72
00351 - 11 20 54 56 73
00352 - 11 20 54 70 71
00353 - 11 20 70 71 73
00354 - 11 23 27 34 71
00355 - 11 23 27 35 52
00356 - 11 23 27 37 40
00357 - 11 23 27 47 54
00358 - 11 23 27 56 70
00359 - 11 23 34 35 56
00360 - 11 23 34 37 47
00361 - 11 23 34 40 54
00362 - 11 23 34 52 70
00363 - 11 23 35 37 72
00364 - 11 23 35 54 70
00365 - 11 23 35 71 73
00366 - 11 23 37 70 71
00367 - 11 23 37 70 73
00368 - 11 23 40 52 72
00369 - 11 23 40 56 71
00370 - 11 23 40 71 73
00371 - 11 23 47 52 71
00372 - 11 23 47 54 73
00373 - 11 23 47 56 72
00374 - 11 23 52 56 73
00375 - 11 23 54 71 72
00376 - 11 27 34 35 47
00377 - 11 27 34 37 56
00378 - 11 27 34 40 70
00379 - 11 27 34 52 54
00380 - 11 27 34 72 73
00381 - 11 27 35 40 71
00382 - 11 27 35 56 72
00383 - 11 27 37 47 72
00384 - 11 27 37 52 70
00385 - 11 27 37 71 73
00386 - 11 27 40 54 72
00387 - 11 27 40 70 73
00388 - 11 27 47 56 73
00389 - 11 27 47 70 71
00390 - 11 27 52 54 73
00391 - 11 27 52 71 72
00392 - 11 27 54 56 71
00393 - 11 34 35 54 72
00394 - 11 34 35 70 71
00395 - 11 34 37 54 70
00396 - 11 34 37 54 73
00397 - 11 34 37 71 72
00398 - 11 34 40 47 71
00399 - 11 34 40 56 72
00400 - 11 34 40 56 73
00401 - 11 34 47 52 72
00402 - 11 34 47 70 73
00403 - 11 34 52 56 71
00404 - 11 34 52 71 73
00405 - 11 35 37 40 54
00406 - 11 35 37 47 52
00407 - 11 35 37 52 73
00408 - 11 35 37 56 71
00409 - 11 35 40 47 56
00410 - 11 35 40 47 73
00411 - 11 35 40 52 70
00412 - 11 35 40 54 73
00413 - 11 35 47 54 71
00414 - 11 35 47 70 72
00415 - 11 35 52 54 56
00416 - 11 35 70 72 73
00417 - 11 37 40 47 70
00418 - 11 37 40 52 56
00419 - 11 37 47 54 56
00420 - 11 37 52 54 71
00421 - 11 37 56 70 72
00422 - 11 37 56 72 73
00423 - 11 40 47 52 54
00424 - 11 40 54 56 70
00425 - 11 40 54 72 73
00426 - 11 40 70 71 72
00427 - 11 47 52 56 70
00428 - 11 47 71 72 73
00429 - 11 52 54 70 72
00430 - 11 52 70 72 73
00431 - 20 23 27 35 56
00432 - 20 23 27 37 47
00433 - 20 23 27 40 54
00434 - 20 23 27 52 70
00435 - 20 23 27 72 73
00436 - 20 23 34 35 47
00437 - 20 23 34 37 56
00438 - 20 23 34 40 71
00439 - 20 23 34 52 54
00440 - 20 23 34 70 72
00441 - 20 23 35 52 71
00442 - 20 23 35 54 72
00443 - 20 23 37 40 70
00444 - 20 23 37 52 73
00445 - 20 23 37 71 72
00446 - 20 23 40 56 72
00447 - 20 23 40 70 73
00448 - 20 23 47 52 72
00449 - 20 23 47 54 71
00450 - 20 23 47 56 73
00451 - 20 23 54 71 73
00452 - 20 23 56 70 71
00453 - 20 27 34 35 70
00454 - 20 27 34 37 54
00455 - 20 27 34 40 47
00456 - 20 27 34 52 56
00457 - 20 27 35 47 71
00458 - 20 27 35 52 72
00459 - 20 27 37 40 72
00460 - 20 27 37 56 70
00461 - 20 27 37 70 73
00462 - 20 27 40 70 71
00463 - 20 27 40 71 73
00464 - 20 27 47 54 72
00465 - 20 27 47 54 73
00466 - 20 27 52 54 71
00467 - 20 27 52 56 73
00468 - 20 27 56 71 72
00469 - 20 34 35 37 72
00470 - 20 34 35 56 71
00471 - 20 34 37 47 71
00472 - 20 34 37 47 73
00473 - 20 34 40 52 72
00474 - 20 34 40 54 70
00475 - 20 34 40 54 73
00476 - 20 34 47 56 72
00477 - 20 34 52 70 71
00478 - 20 34 52 70 73
00479 - 20 34 54 71 72
00480 - 20 34 56 71 73
00481 - 20 35 37 40 71
00482 - 20 35 37 47 52
00483 - 20 35 37 54 56
00484 - 20 35 37 71 73
00485 - 20 35 40 47 54
00486 - 20 35 40 52 56
00487 - 20 35 40 54 73
00488 - 20 35 40 70 72
00489 - 20 35 47 56 70
00490 - 20 35 47 70 73
00491 - 20 35 52 54 70
00492 - 20 35 52 56 73
00493 - 20 35 56 72 73
00494 - 20 37 40 47 56
00495 - 20 37 40 52 54
00496 - 20 37 47 54 70
00497 - 20 37 52 56 71
00498 - 20 37 52 70 72
00499 - 20 37 54 72 73
00500 - 20 40 47 52 70
00501 - 20 40 47 72 73
00502 - 20 40 54 56 71
00503 - 20 47 52 54 56
00504 - 20 47 70 71 72
00505 - 20 52 71 72 73
00506 - 20 54 56 70 72
00507 - 20 56 70 72 73
00508 - 23 27 34 35 37
00509 - 23 27 34 35 73
00510 - 23 27 34 40 52
00511 - 23 27 34 47 56
00512 - 23 27 34 54 70
00513 - 23 27 35 47 72
00514 - 23 27 35 70 71
00515 - 23 27 37 40 73
00516 - 23 27 37 54 71
00517 - 23 27 37 56 72
00518 - 23 27 40 47 70
00519 - 23 27 40 71 72
00520 - 23 27 47 52 73
00521 - 23 27 52 54 72
00522 - 23 27 52 56 71
00523 - 23 27 54 56 73
00524 - 23 27 70 71 73
00525 - 23 34 35 40 70
00526 - 23 34 35 71 72
00527 - 23 34 37 52 71
00528 - 23 34 37 54 72
00529 - 23 34 37 56 73
00530 - 23 34 40 47 72
00531 - 23 34 40 52 73
00532 - 23 34 47 70 71
00533 - 23 34 47 71 73
00534 - 23 34 52 56 72
00535 - 23 34 54 56 71
00536 - 23 34 54 70 73
00537 - 23 35 37 40 56
00538 - 23 35 37 47 54
00539 - 23 35 37 52 70
00540 - 23 35 37 70 73
00541 - 23 35 40 47 52
00542 - 23 35 40 52 73
00543 - 23 35 40 54 71
00544 - 23 35 47 56 71
00545 - 23 35 47 72 73
00546 - 23 35 52 54 56
00547 - 23 35 54 56 73
00548 - 23 35 56 70 72
00549 - 23 37 40 47 71
00550 - 23 37 40 52 54
00551 - 23 37 47 52 56
00552 - 23 37 47 70 72
00553 - 23 37 54 56 70
00554 - 23 37 71 72 73
00555 - 23 40 47 54 56
00556 - 23 40 52 56 70
00557 - 23 40 54 70 72
00558 - 23 40 56 72 73
00559 - 23 47 52 54 70
00560 - 23 47 70 72 73
00561 - 23 52 54 72 73
00562 - 23 52 70 71 72
00563 - 27 34 35 40 72
00564 - 27 34 35 54 71
00565 - 27 34 37 52 72
00566 - 27 34 37 52 73
00567 - 27 34 37 70 71
00568 - 27 34 40 47 73
00569 - 27 34 40 56 71
00570 - 27 34 47 52 70
00571 - 27 34 47 71 72
00572 - 27 34 54 56 72
00573 - 27 34 54 71 73
00574 - 27 34 56 70 73
00575 - 27 35 37 40 47
00576 - 27 35 37 52 71
00577 - 27 35 37 54 56
00578 - 27 35 37 56 73
00579 - 27 35 37 70 72
00580 - 27 35 40 52 54
00581 - 27 35 40 56 70
00582 - 27 35 40 70 73
00583 - 27 35 47 52 56
00584 - 27 35 47 54 70
00585 - 27 35 47 54 73
00586 - 27 35 52 72 73
00587 - 27 37 40 52 56
00588 - 27 37 40 54 70
00589 - 27 37 47 52 54
00590 - 27 37 47 56 71
00591 - 27 37 47 72 73
00592 - 27 40 47 52 71
00593 - 27 40 47 54 56
00594 - 27 40 52 70 72
00595 - 27 40 52 72 73
00596 - 27 47 56 70 72
00597 - 27 52 54 56 70
00598 - 27 54 70 71 72
00599 - 27 54 70 72 73
00600 - 27 56 71 72 73
00601 - 34 35 37 40 56
00602 - 34 35 37 47 70
00603 - 34 35 37 52 54
00604 - 34 35 37 54 73
00605 - 34 35 40 47 54
00606 - 34 35 40 52 71
00607 - 34 35 40 72 73
00608 - 34 35 47 52 56
00609 - 34 35 47 52 73
00610 - 34 35 52 70 72
00611 - 34 35 54 56 70
00612 - 34 35 56 70 73
00613 - 34 37 40 47 52
00614 - 34 37 40 54 71
00615 - 34 37 40 70 72
00616 - 34 37 40 72 73
00617 - 34 37 47 54 56
00618 - 34 37 52 56 70
00619 - 34 40 47 56 70
00620 - 34 40 52 54 56
00621 - 34 47 52 54 71
00622 - 34 47 52 72 73
00623 - 34 47 54 70 72
00624 - 34 54 56 72 73
00625 - 34 56 70 71 72
00626 - 34 70 71 72 73
00627 - 35 37 40 52 72
00628 - 35 37 47 56 72
00629 - 35 37 47 71 73
00630 - 35 37 54 70 71
00631 - 35 37 54 71 72
00632 - 35 40 47 70 71
00633 - 35 40 47 71 72
00634 - 35 40 54 56 72
00635 - 35 40 56 71 73
00636 - 35 47 52 54 72
00637 - 35 52 54 71 73
00638 - 35 52 56 70 71
00639 - 35 52 56 71 72
00640 - 35 70 71 72 73
00641 - 37 40 47 54 72
00642 - 37 40 47 56 73
00643 - 37 40 52 71 73
00644 - 37 40 54 70 73
00645 - 37 40 56 70 71
00646 - 37 40 56 71 72
00647 - 37 47 52 54 73
00648 - 37 47 52 70 71
00649 - 37 47 52 71 72
00650 - 37 47 70 71 73
00651 - 37 52 54 56 72
00652 - 37 52 56 70 73
00653 - 37 54 56 71 73
00654 - 40 47 52 56 72
00655 - 40 47 52 70 73
00656 - 40 47 54 71 73
00657 - 40 52 54 56 73
00658 - 40 52 54 70 71
00659 - 40 52 54 71 72
00660 - 40 56 70 71 73
00661 - 47 52 56 71 73
00662 - 47 54 56 70 71
00663 - 47 54 56 70 73
00664 - 47 54 56 71 72
00665 - 52 54 70 71 73
00666 - 23 27 28 32 39
00667 - 23 27 28 38 68
00668 - 23 27 28 39 69
00669 - 23 27 28 40 64
00670 - 23 27 28 48 66
00671 - 23 27 28 56 65
00672 - 23 27 28 57 60
00673 - 23 27 29 32 69
00674 - 23 27 29 38 39
00675 - 23 27 29 40 60
00676 - 23 27 29 48 56
00677 - 23 27 29 57 64
00678 - 23 27 29 65 68
00679 - 23 27 29 66 69
00680 - 23 27 32 38 76
00681 - 23 27 32 39 68
00682 - 23 27 32 40 65
00683 - 23 27 32 48 57
00684 - 23 27 32 56 64
00685 - 23 27 32 60 66
00686 - 23 27 38 40 57
00687 - 23 27 38 48 65
00688 - 23 27 38 56 66
00689 - 23 27 38 60 64
00690 - 23 27 38 69 76
00691 - 23 27 39 40 66
00692 - 23 27 39 40 76
00693 - 23 27 39 48 64
00694 - 23 27 39 56 57
00695 - 23 27 39 60 65
00696 - 23 27 40 48 69
00697 - 23 27 40 56 68
00698 - 23 27 48 56 76
00699 - 23 27 48 60 68
00700 - 23 27 56 60 69
00701 - 23 27 57 60 76
00702 - 23 27 57 65 69
00703 - 23 27 57 66 68
00704 - 23 27 64 65 66
00705 - 23 27 64 65 76
00706 - 23 27 64 68 69
00707 - 23 27 66 68 76
00708 - 23 28 29 32 68
00709 - 23 28 29 38 39
00710 - 23 28 29 40 65
00711 - 23 28 29 48 57
00712 - 23 28 29 56 64
00713 - 23 28 29 60 66
00714 - 23 28 29 69 76
00715 - 23 28 32 38 69
00716 - 23 28 32 39 76
00717 - 23 28 32 40 57
00718 - 23 28 32 48 65
00719 - 23 28 32 56 66
00720 - 23 28 32 60 64
00721 - 23 28 38 40 66
00722 - 23 28 38 40 76
00723 - 23 28 38 48 64
00724 - 23 28 38 56 57
00725 - 23 28 38 60 65
00726 - 23 28 39 40 48
00727 - 23 28 39 56 60
00728 - 23 28 39 57 65
00729 - 23 28 39 64 68
00730 - 23 28 39 66 69
00731 - 23 28 40 56 69
00732 - 23 28 40 60 68
00733 - 23 28 48 56 68
00734 - 23 28 48 57 76
00735 - 23 28 48 60 69
00736 - 23 28 56 60 76
00737 - 23 28 57 64 66
00738 - 23 28 57 68 69
00739 - 23 28 64 65 69
00740 - 23 28 64 66 76
00741 - 23 28 65 66 68
00742 - 23 28 65 68 76
00743 - 23 29 32 38 39
00744 - 23 29 32 40 66
00745 - 23 29 32 40 76
00746 - 23 29 32 48 64
00747 - 23 29 32 56 57
00748 - 23 29 32 60 65
00749 - 23 29 38 39 68
00750 - 23 29 38 39 69
00751 - 23 29 38 39 76
00752 - 23 29 38 40 48
00753 - 23 29 38 56 60
00754 - 23 29 38 57 65
00755 - 23 29 38 64 66
00756 - 23 29 39 40 56
00757 - 23 29 39 48 60
00758 - 23 29 39 57 66
00759 - 23 29 39 64 65
00760 - 23 29 40 57 69
00761 - 23 29 40 64 68
00762 - 23 29 48 65 69
00763 - 23 29 48 66 68
00764 - 23 29 48 68 76
00765 - 23 29 56 65 66
00766 - 23 29 56 65 76
00767 - 23 29 56 68 69
00768 - 23 29 57 60 68
00769 - 23 29 57 66 76
00770 - 23 29 60 64 69
00771 - 23 29 60 64 76
00772 - 23 32 38 40 56
00773 - 23 32 38 48 60
00774 - 23 32 38 57 68
00775 - 23 32 38 64 65
00776 - 23 32 38 66 69
00777 - 23 32 39 40 64
00778 - 23 32 39 48 66
00779 - 23 32 39 56 65
00780 - 23 32 39 57 60
00781 - 23 32 39 69 76
00782 - 23 32 40 48 68
00783 - 23 32 40 60 69
00784 - 23 32 48 56 69
00785 - 23 32 48 64 76
00786 - 23 32 56 57 76
00787 - 23 32 56 60 68
00788 - 23 32 57 64 69
00789 - 23 32 57 65 66
00790 - 23 32 60 68 76
00791 - 23 32 64 66 68
00792 - 23 32 65 66 76
00793 - 23 32 65 68 69
00794 - 23 38 39 40 60
00795 - 23 38 39 48 56
00796 - 23 38 39 57 64
00797 - 23 38 39 65 66
00798 - 23 38 40 64 69
00799 - 23 38 40 65 68
00800 - 23 38 40 68 76
00801 - 23 38 48 57 66
00802 - 23 38 48 65 76
00803 - 23 38 48 68 69
00804 - 23 38 56 64 68
00805 - 23 38 56 64 76
00806 - 23 38 56 65 69
00807 - 23 38 57 60 69
00808 - 23 38 57 68 76
00809 - 23 38 60 66 68
00810 - 23 38 60 66 76
00811 - 23 39 40 57 68
00812 - 23 39 40 65 69
00813 - 23 39 48 57 69
00814 - 23 39 48 65 68
00815 - 23 39 48 66 76
00816 - 23 39 56 64 69
00817 - 23 39 56 66 68
00818 - 23 39 56 68 76
00819 - 23 39 57 64 76
00820 - 23 39 60 64 66
00821 - 23 39 60 65 76
00822 - 23 39 60 68 69
00823 - 23 40 48 56 57
00824 - 23 40 48 56 76
00825 - 23 40 48 60 64
00826 - 23 40 48 65 66
00827 - 23 40 56 60 65
00828 - 23 40 56 64 66
00829 - 23 40 57 60 66
00830 - 23 40 57 64 65
00831 - 23 40 57 65 76
00832 - 23 40 60 66 76
00833 - 23 40 64 69 76
00834 - 23 40 66 68 69
00835 - 23 48 56 60 66
00836 - 23 48 56 64 65
00837 - 23 48 57 60 65
00838 - 23 48 57 64 68
00839 - 23 48 60 69 76
00840 - 23 48 64 66 69
00841 - 23 56 57 60 64
00842 - 23 56 57 65 68
00843 - 23 56 57 66 69
00844 - 23 56 66 69 76
00845 - 23 57 65 69 76
00846 - 23 60 64 65 68
00847 - 23 60 65 66 69
00848 - 23 64 68 69 76
00849 - 27 28 29 32 38
00850 - 27 28 29 38 69
00851 - 27 28 29 39 68
00852 - 27 28 29 40 57
00853 - 27 28 29 48 65
00854 - 27 28 29 56 66
00855 - 27 28 29 60 64
00856 - 27 28 32 40 68
00857 - 27 28 32 48 64
00858 - 27 28 32 56 57
00859 - 27 28 32 60 65
00860 - 27 28 32 66 69
00861 - 27 28 32 69 76
00862 - 27 28 38 39 76
00863 - 27 28 38 40 48
00864 - 27 28 38 56 60
00865 - 27 28 38 57 65
00866 - 27 28 38 64 66
00867 - 27 28 39 40 56
00868 - 27 28 39 48 60
00869 - 27 28 39 57 66
00870 - 27 28 39 64 65
00871 - 27 28 40 60 69
00872 - 27 28 40 65 66
00873 - 27 28 40 65 76
00874 - 27 28 48 56 69
00875 - 27 28 48 57 68
00876 - 27 28 48 60 76
00877 - 27 28 56 57 76
00878 - 27 28 56 64 68
00879 - 27 28 57 64 69
00880 - 27 28 60 66 68
00881 - 27 28 64 68 76
00882 - 27 28 65 66 76
00883 - 27 28 65 68 69
00884 - 27 29 32 38 68
00885 - 27 29 32 39 76
00886 - 27 29 32 40 48
00887 - 27 29 32 56 60
00888 - 27 29 32 57 65
00889 - 27 29 32 64 66
00890 - 27 29 38 40 56
00891 - 27 29 38 40 76
00892 - 27 29 38 48 60
00893 - 27 29 38 57 66
00894 - 27 29 38 64 65
00895 - 27 29 39 40 64
00896 - 27 29 39 48 66
00897 - 27 29 39 56 65
00898 - 27 29 39 57 60
00899 - 27 29 39 69 76
00900 - 27 29 40 65 69
00901 - 27 29 40 66 68
00902 - 27 29 48 57 69
00903 - 27 29 48 64 68
00904 - 27 29 48 65 76
00905 - 27 29 56 57 68
00906 - 27 29 56 60 76
00907 - 27 29 56 64 69
00908 - 27 29 57 68 76
00909 - 27 29 60 65 66
00910 - 27 29 60 68 69
00911 - 27 29 64 66 76
00912 - 27 32 38 39 69
00913 - 27 32 38 40 64
00914 - 27 32 38 48 66
00915 - 27 32 38 56 65
00916 - 27 32 38 57 60
00917 - 27 32 39 40 60
00918 - 27 32 39 48 56
00919 - 27 32 39 57 64
00920 - 27 32 39 65 66
00921 - 27 32 40 56 69
00922 - 27 32 40 57 66
00923 - 27 32 40 57 76
00924 - 27 32 48 57 76
00925 - 27 32 48 60 69
00926 - 27 32 48 65 68
00927 - 27 32 56 64 76
00928 - 27 32 56 66 68
00929 - 27 32 57 68 69
00930 - 27 32 60 64 68
00931 - 27 32 60 66 76
00932 - 27 32 64 65 69
00933 - 27 32 65 68 76
00934 - 27 38 39 40 65
00935 - 27 38 39 48 57
00936 - 27 38 39 56 64
00937 - 27 38 39 60 68
00938 - 27 38 39 66 69
00939 - 27 38 40 60 66
00940 - 27 38 40 68 69
00941 - 27 38 48 56 68
00942 - 27 38 48 64 69
00943 - 27 38 48 64 76
00944 - 27 38 56 57 69
00945 - 27 38 56 65 76
00946 - 27 38 57 64 68
00947 - 27 38 57 66 76
00948 - 27 38 60 65 69
00949 - 27 38 60 68 76
00950 - 27 38 65 66 68
00951 - 27 39 40 48 68
00952 - 27 39 40 57 69
00953 - 27 39 40 68 76
00954 - 27 39 48 65 69
00955 - 27 39 48 68 76
00956 - 27 39 56 60 66
00957 - 27 39 56 66 76
00958 - 27 39 56 68 69
00959 - 27 39 57 65 68
00960 - 27 39 57 65 76
00961 - 27 39 60 64 69
00962 - 27 39 60 64 76
00963 - 27 39 64 66 68
00964 - 27 40 48 56 66
00965 - 27 40 48 57 64
00966 - 27 40 48 60 65
00967 - 27 40 48 69 76
00968 - 27 40 56 57 65
00969 - 27 40 56 60 64
00970 - 27 40 56 60 76
00971 - 27 40 57 60 68
00972 - 27 40 64 65 68
00973 - 27 40 64 66 69
00974 - 27 40 64 66 76
00975 - 27 48 56 57 60
00976 - 27 48 56 64 65
00977 - 27 48 57 65 66
00978 - 27 48 60 64 66
00979 - 27 48 66 68 69
00980 - 27 48 66 69 76
00981 - 27 56 57 64 66
00982 - 27 56 60 65 68
00983 - 27 56 65 66 69
00984 - 27 56 68 69 76
00985 - 27 57 60 64 65
00986 - 27 57 60 66 69
00987 - 27 57 64 69 76
00988 - 27 60 65 69 76
00989 - 28 29 32 38 76
00990 - 28 29 32 39 69
00991 - 28 29 32 40 56
00992 - 28 29 32 48 60
00993 - 28 29 32 57 66
00994 - 28 29 32 64 65
00995 - 28 29 38 40 64
00996 - 28 29 38 48 68
00997 - 28 29 38 56 65
00998 - 28 29 38 57 60
00999 - 28 29 38 66 69
01000 - 28 29 39 40 60
01001 - 28 29 39 40 76
01002 - 28 29 39 48 56
01003 - 28 29 39 57 64
01004 - 28 29 39 65 66
01005 - 28 29 40 48 66
01006 - 28 29 40 68 69
01007 - 28 29 48 56 76
01008 - 28 29 48 64 69
01009 - 28 29 56 57 69
01010 - 28 29 56 60 68
01011 - 28 29 57 60 76
01012 - 28 29 57 65 68
01013 - 28 29 60 65 69
01014 - 28 29 64 65 76
01015 - 28 29 64 66 68
01016 - 28 29 66 68 76
01017 - 28 32 38 39 68
01018 - 28 32 38 40 60
01019 - 28 32 38 48 56
01020 - 28 32 38 57 64
01021 - 28 32 38 65 66
01022 - 28 32 39 40 65
01023 - 28 32 39 48 57
01024 - 28 32 39 56 64
01025 - 28 32 39 60 66
01026 - 28 32 40 48 69
01027 - 28 32 40 64 66
01028 - 28 32 40 68 76
01029 - 28 32 48 66 68
01030 - 28 32 48 66 76
01031 - 28 32 56 60 69
01032 - 28 32 56 65 68
01033 - 28 32 56 68 76
01034 - 28 32 57 60 68
01035 - 28 32 57 64 76
01036 - 28 32 57 65 69
01037 - 28 32 60 65 76
01038 - 28 32 64 68 69
01039 - 28 38 39 40 57
01040 - 28 38 39 48 65
01041 - 28 38 39 56 66
01042 - 28 38 39 60 64
01043 - 28 38 39 69 76
01044 - 28 38 40 56 68
01045 - 28 38 40 65 69
01046 - 28 38 48 57 69
01047 - 28 38 48 60 66
01048 - 28 38 48 68 76
01049 - 28 38 56 64 69
01050 - 28 38 56 66 76
01051 - 28 38 57 65 76
01052 - 28 38 57 66 68
01053 - 28 38 60 64 76
01054 - 28 38 60 68 69
01055 - 28 38 64 65 68
01056 - 28 39 40 64 69
01057 - 28 39 40 66 68
01058 - 28 39 48 64 66
01059 - 28 39 48 64 76
01060 - 28 39 48 68 69
01061 - 28 39 56 57 68
01062 - 28 39 56 65 69
01063 - 28 39 56 65 76
01064 - 28 39 57 60 69
01065 - 28 39 57 66 76
01066 - 28 39 60 65 68
01067 - 28 39 60 68 76
01068 - 28 40 48 56 64
01069 - 28 40 48 57 60
01070 - 28 40 48 60 76
01071 - 28 40 48 65 68
01072 - 28 40 56 57 65
01073 - 28 40 56 57 76
01074 - 28 40 56 60 66
01075 - 28 40 56 64 76
01076 - 28 40 57 64 68
01077 - 28 40 57 66 69
01078 - 28 40 60 64 65
01079 - 28 40 66 69 76
01080 - 28 48 56 57 66
01081 - 28 48 56 60 65
01082 - 28 48 57 64 65
01083 - 28 48 60 64 68
01084 - 28 48 65 66 69
01085 - 28 48 65 69 76
01086 - 28 56 57 60 64
01087 - 28 56 64 65 66
01088 - 28 56 64 69 76
01089 - 28 56 66 68 69
01090 - 28 57 60 65 66
01091 - 28 57 68 69 76
01092 - 28 60 64 66 69
01093 - 28 60 66 69 76
01094 - 29 32 38 40 65
01095 - 29 32 38 48 57
01096 - 29 32 38 56 64
01097 - 29 32 38 60 66
01098 - 29 32 38 69 76
01099 - 29 32 39 40 57
01100 - 29 32 39 48 65
01101 - 29 32 39 56 68
01102 - 29 32 39 60 64
01103 - 29 32 39 66 69
01104 - 29 32 40 60 68
01105 - 29 32 40 64 69
01106 - 29 32 48 56 66
01107 - 29 32 48 60 76
01108 - 29 32 48 68 69
01109 - 29 32 56 65 69
01110 - 29 32 56 66 76
01111 - 29 32 57 60 69
01112 - 29 32 57 64 68
01113 - 29 32 57 65 76
01114 - 29 32 64 68 76
01115 - 29 32 65 66 68
01116 - 29 38 39 40 66
01117 - 29 38 39 48 64
01118 - 29 38 39 56 57
01119 - 29 38 39 60 65
01120 - 29 38 40 57 68
01121 - 29 38 40 60 69
01122 - 29 38 48 56 69
01123 - 29 38 48 65 66
01124 - 29 38 48 66 76
01125 - 29 38 56 66 68
01126 - 29 38 56 68 76
01127 - 29 38 57 64 69
01128 - 29 38 57 64 76
01129 - 29 38 60 64 68
01130 - 29 38 60 65 76
01131 - 29 38 65 68 69
01132 - 29 39 40 48 69
01133 - 29 39 40 65 68
01134 - 29 39 48 57 68
01135 - 29 39 48 57 76
01136 - 29 39 56 60 69
01137 - 29 39 56 64 66
01138 - 29 39 56 64 76
01139 - 29 39 57 65 69
01140 - 29 39 60 66 68
01141 - 29 39 60 66 76
01142 - 29 39 64 68 69
01143 - 29 39 65 68 76
01144 - 29 40 48 56 68
01145 - 29 40 48 57 60
01146 - 29 40 48 64 65
01147 - 29 40 48 68 76
01148 - 29 40 56 57 64
01149 - 29 40 56 60 65
01150 - 29 40 56 64 76
01151 - 29 40 56 66 69
01152 - 29 40 57 65 66
01153 - 29 40 57 66 76
01154 - 29 40 60 64 66
01155 - 29 40 60 65 76
01156 - 29 40 65 69 76
01157 - 29 48 56 57 65
01158 - 29 48 56 60 64
01159 - 29 48 57 64 66
01160 - 29 48 60 65 68
01161 - 29 48 60 66 69
01162 - 29 48 64 69 76
01163 - 29 56 57 60 66
01164 - 29 56 57 69 76
01165 - 29 56 64 65 68
01166 - 29 57 60 64 65
01167 - 29 57 66 68 69
01168 - 29 60 68 69 76
01169 - 29 64 65 66 69
01170 - 29 65 66 69 76
01171 - 32 38 39 40 48
01172 - 32 38 39 40 76
01173 - 32 38 39 56 60
01174 - 32 38 39 57 65
01175 - 32 38 39 64 66
01176 - 32 38 40 57 69
01177 - 32 38 40 66 68
01178 - 32 38 48 56 76
01179 - 32 38 48 64 68
01180 - 32 38 48 65 69
01181 - 32 38 56 57 66
01182 - 32 38 56 68 69
01183 - 32 38 57 60 76
01184 - 32 38 60 64 69
01185 - 32 38 60 65 68
01186 - 32 38 64 65 76
01187 - 32 38 66 68 76
01188 - 32 39 40 56 66
01189 - 32 39 40 68 69
01190 - 32 39 48 60 68
01191 - 32 39 48 64 69
01192 - 32 39 48 65 76
01193 - 32 39 56 57 69
01194 - 32 39 56 60 76
01195 - 32 39 57 66 68
01196 - 32 39 57 68 76
01197 - 32 39 60 65 69
01198 - 32 39 64 65 68
01199 - 32 39 64 66 76
01200 - 32 40 48 56 65
01201 - 32 40 48 57 64
01202 - 32 40 48 60 66
01203 - 32 40 48 66 76
01204 - 32 40 56 57 60
01205 - 32 40 56 60 76
01206 - 32 40 56 64 68
01207 - 32 40 57 65 68
01208 - 32 40 57 69 76
01209 - 32 40 60 64 65
01210 - 32 40 64 65 76
01211 - 32 40 65 66 69
01212 - 32 48 56 57 68
01213 - 32 48 56 60 64
01214 - 32 48 57 60 65
01215 - 32 48 57 66 69
01216 - 32 48 64 65 66
01217 - 32 48 68 69 76
01218 - 32 56 57 64 65
01219 - 32 56 60 65 66
01220 - 32 56 64 66 69
01221 - 32 56 65 69 76
01222 - 32 57 60 64 66
01223 - 32 57 66 69 76
01224 - 32 60 64 69 76
01225 - 32 60 66 68 69
01226 - 38 39 40 56 69
01227 - 38 39 40 64 68
01228 - 38 39 48 60 69
01229 - 38 39 48 60 76
01230 - 38 39 48 66 68
01231 - 38 39 56 57 76
01232 - 38 39 56 65 68
01233 - 38 39 57 60 66
01234 - 38 39 57 68 69
01235 - 38 39 64 65 69
01236 - 38 39 64 68 76
01237 - 38 39 65 66 76
01238 - 38 40 48 56 57
01239 - 38 40 48 60 68
01240 - 38 40 48 64 65
01241 - 38 40 48 65 76
01242 - 38 40 48 66 69
01243 - 38 40 56 60 64
01244 - 38 40 56 65 66
01245 - 38 40 56 66 76
01246 - 38 40 57 60 65
01247 - 38 40 57 64 66
01248 - 38 40 57 64 76
01249 - 38 40 60 69 76
01250 - 38 48 56 60 65
01251 - 38 48 56 64 66
01252 - 38 48 57 60 64
01253 - 38 48 57 65 68
01254 - 38 48 57 69 76
01255 - 38 56 57 60 68
01256 - 38 56 57 64 65
01257 - 38 56 60 66 69
01258 - 38 56 60 69 76
01259 - 38 57 65 66 69
01260 - 38 60 64 65 66
01261 - 38 64 66 68 69
01262 - 38 64 66 69 76
01263 - 38 65 68 69 76
01264 - 39 40 48 56 65
01265 - 39 40 48 57 66
01266 - 39 40 48 60 64
01267 - 39 40 48 64 76
01268 - 39 40 56 57 64
01269 - 39 40 56 60 68
01270 - 39 40 56 69 76
01271 - 39 40 57 60 65
01272 - 39 40 57 60 76
01273 - 39 40 60 66 69
01274 - 39 40 64 65 66
01275 - 39 40 65 66 76
01276 - 39 48 56 57 60
01277 - 39 48 56 64 68
01278 - 39 48 56 66 69
01279 - 39 48 56 69 76
01280 - 39 48 57 64 65
01281 - 39 48 60 65 66
01282 - 39 56 57 65 66
01283 - 39 56 60 64 65
01284 - 39 57 60 64 68
01285 - 39 57 60 69 76
01286 - 39 57 64 66 69
01287 - 39 64 65 69 76
01288 - 39 65 66 68 69
01289 - 39 66 68 69 76
01290 - 40 48 56 60 69
01291 - 40 48 57 65 69
01292 - 40 48 57 68 76
01293 - 40 48 64 66 68
01294 - 40 48 64 68 69
01295 - 40 56 57 66 68
01296 - 40 56 57 68 69
01297 - 40 56 64 65 69
01298 - 40 56 65 68 76
01299 - 40 57 60 64 69
01300 - 40 60 64 68 76
01301 - 40 60 65 66 68
01302 - 40 60 65 68 69
01303 - 40 66 68 69 76
01304 - 48 56 57 64 69
01305 - 48 56 57 65 76
01306 - 48 56 60 68 76
01307 - 48 56 64 66 76
01308 - 48 56 65 66 68
01309 - 48 56 65 68 69
01310 - 48 57 60 64 76
01311 - 48 57 60 66 68
01312 - 48 57 60 68 69
01313 - 48 57 66 68 76
01314 - 48 60 64 65 69
01315 - 48 60 65 66 76
01316 - 48 64 65 68 76
01317 - 56 57 60 65 69
01318 - 56 57 60 66 76
01319 - 56 57 64 68 76
01320 - 56 60 64 65 76
01321 - 56 60 64 66 68
01322 - 56 60 64 68 69
01323 - 56 65 66 68 76
01324 - 57 60 65 68 76
01325 - 57 64 65 66 68
01326 - 57 64 65 66 76
01327 - 57 64 65 68 69
01328 - 60 64 66 68 76