00001 - 02 04 15 55 60
00002 - 04 05 22 63 70
00003 - 02 04 19 34 36
00004 - 02 04 24 48 74
00005 - 02 04 37 59 74
00006 - 02 04 50 74 75
00007 - 02 15 19 37 48
00008 - 02 15 24 36 75
00009 - 02 15 34 48 74
00010 - 02 15 34 55 59
00011 - 02 15 36 50 74
00012 - 02 19 24 59 75
00013 - 02 19 50 59 60
00014 - 02 19 55 60 74
00015 - 02 24 34 37 60
00016 - 02 24 48 50 55
00017 - 02 34 50 60 75
00018 - 02 36 37 55 75
00019 - 02 36 48 59 60
00020 - 02 37 48 50 75
00021 - 04 15 19 50 75
00022 - 04 15 24 34 50
00023 - 04 15 36 37 48
00024 - 04 15 59 60 74
00025 - 04 19 24 48 60
00026 - 04 19 36 55 59
00027 - 04 19 37 50 74
00028 - 04 24 36 50 59
00029 - 04 24 37 55 75
00030 - 04 34 36 55 74
00031 - 04 34 37 48 60
00032 - 04 34 48 59 75
00033 - 04 36 48 50 55
00034 - 04 36 50 60 75
00035 - 15 19 24 55 74
00036 - 15 19 34 36 60
00037 - 15 19 48 50 59
00038 - 15 24 36 55 60
00039 - 15 24 37 48 59
00040 - 15 34 37 74 75
00041 - 15 36 59 74 75
00042 - 15 37 50 55 60
00043 - 15 48 55 60 75
00044 - 19 24 34 59 74
00045 - 19 24 36 37 50
00046 - 19 34 37 55 75
00047 - 19 34 48 50 55
00048 - 19 36 48 74 75
00049 - 19 37 59 60 75
00050 - 24 34 36 48 75
00051 - 24 34 55 59 60
00052 - 24 36 37 60 74
00053 - 24 50 60 74 75
00054 - 34 36 37 50 59
00055 - 34 48 50 60 74
00056 - 37 48 55 59 74
00057 - 50 55 59 74 75
00058 - 04 05 32 47 54
00059 - 04 05 41 59 71
00060 - 04 05 57 66 71
00061 - 04 05 60 71 76
00062 - 04 22 32 57 59
00063 - 04 22 41 54 76
00064 - 04 22 47 59 71
00065 - 04 22 47 63 66
00066 - 04 22 54 60 71
00067 - 04 32 41 66 76
00068 - 04 32 60 66 70
00069 - 04 32 63 70 71
00070 - 04 41 47 57 70
00071 - 04 41 59 60 63
00072 - 04 47 60 70 76
00073 - 04 54 57 63 76
00074 - 04 54 59 66 70
00075 - 04 57 59 60 76
00076 - 05 22 32 60 76
00077 - 05 22 41 47 60
00078 - 05 22 54 57 59
00079 - 05 22 66 70 71
00080 - 05 32 41 59 70
00081 - 05 32 54 63 66
00082 - 05 32 57 60 71
00083 - 05 41 54 60 66
00084 - 05 41 57 63 76
00085 - 05 47 54 63 71
00086 - 05 47 57 59 70
00087 - 05 47 59 66 76
00088 - 05 54 59 60 63
00089 - 05 54 60 70 76
00090 - 22 32 41 63 71
00091 - 22 32 47 54 70
00092 - 22 32 59 60 66
00093 - 22 41 54 63 70
00094 - 22 41 57 59 66
00095 - 22 47 57 71 76
00096 - 22 54 66 71 76
00097 - 22 57 60 63 70
00098 - 22 59 63 70 76
00099 - 32 41 47 66 71
00100 - 32 41 54 57 60
00101 - 32 47 57 63 76
00102 - 32 47 59 60 63
00103 - 32 54 59 71 76
00104 - 32 57 66 70 76
00105 - 41 47 54 59 76
00106 - 41 47 63 66 70
00107 - 41 54 57 70 71
00108 - 41 60 70 71 76
00109 - 47 54 57 60 66
00110 - 47 59 60 70 71
00111 - 57 59 63 66 71
00112 - 60 63 66 71 76