00001 - 16 22 26 53 72
00002 - 16 22 32 37 53
00003 - 16 22 39 53 75
00004 - 16 22 40 48 53
00005 - 16 22 44 53 62
00006 - 16 26 32 44 62
00007 - 16 26 37 39 75
00008 - 16 26 37 40 48
00009 - 16 32 39 40 72
00010 - 16 32 48 72 75
00011 - 16 37 44 62 72
00012 - 16 39 44 48 62
00013 - 16 40 44 62 75
00014 - 22 26 32 62 72
00015 - 22 26 37 44 72
00016 - 22 26 39 48 72
00017 - 22 26 40 72 75
00018 - 22 32 39 44 75
00019 - 22 32 40 44 48
00020 - 22 37 39 40 62
00021 - 22 37 48 62 75
00022 - 26 32 37 53 62
00023 - 26 32 39 48 62
00024 - 26 32 40 62 75
00025 - 26 39 40 44 53
00026 - 26 44 48 53 75
00027 - 32 37 39 48 53
00028 - 32 37 40 53 75
00029 - 32 37 44 53 72
00030 - 37 39 44 72 75
00031 - 37 40 44 48 72
00032 - 39 40 48 53 75
00033 - 39 53 62 72 75
00034 - 40 48 53 62 72