00001 - 02 08 09 26 27 33
00002 - 02 08 14 23 28 31
00003 - 02 08 16 19 26 27
00004 - 02 08 19 25 29 40
00005 - 02 09 14 27 28 29
00006 - 02 09 16 25 27 31
00007 - 02 09 19 23 27 40
00008 - 02 14 16 19 28 40
00009 - 02 14 25 26 28 33
00010 - 02 16 23 25 29 31
00011 - 02 16 23 26 29 33
00012 - 02 19 26 31 33 40
00013 - 08 09 14 16 26 40
00014 - 08 09 14 31 33 40
00015 - 08 09 16 25 29 33
00016 - 08 09 19 23 28 33
00017 - 08 14 16 19 26 31
00018 - 08 14 25 27 29 31
00019 - 08 16 23 27 28 40
00020 - 08 23 25 26 28 29
00021 - 09 14 16 19 23 25
00022 - 09 16 25 26 28 40
00023 - 09 19 23 26 29 31
00024 - 09 19 28 29 31 40
00025 - 14 16 19 27 29 33
00026 - 14 19 23 25 33 40
00027 - 14 23 26 27 28 33
00028 - 14 23 26 27 29 40
00029 - 16 28 29 31 33 40
00030 - 19 25 26 27 28 31
00031 - 23 25 27 31 33 40
