00001 - 03 12 30 69 72
00002 - 03 12 35 36 69
00003 - 03 12 38 69 78
00004 - 03 12 41 59 69
00005 - 03 12 46 69 71
00006 - 03 30 35 46 71
00007 - 03 30 36 38 78
00008 - 03 30 36 41 59
00009 - 03 35 38 41 72
00010 - 03 35 59 72 78
00011 - 03 36 46 71 72
00012 - 03 38 46 59 71
00013 - 03 41 46 71 78
00014 - 12 30 35 71 72
00015 - 12 30 36 46 72
00016 - 12 30 38 59 72
00017 - 12 30 41 72 78
00018 - 12 35 38 46 78
00019 - 12 35 41 46 59
00020 - 12 36 38 41 71
00021 - 12 36 59 71 78
00022 - 30 35 36 69 71
00023 - 30 35 38 59 71
00024 - 30 35 41 71 78
00025 - 30 38 41 46 69
00026 - 30 46 59 69 78
00027 - 35 36 38 59 69
00028 - 35 36 41 69 78
00029 - 35 36 46 69 72
00030 - 36 38 46 72 78
00031 - 36 41 46 59 72
00032 - 38 41 59 69 78
00033 - 38 69 71 72 78
00034 - 41 59 69 71 72