00001 - 07 09 12 57 78
00002 - 07 09 12 60 61
00003 - 07 09 12 62 71
00004 - 07 09 13 31 51
00005 - 07 09 21 39 46
00006 - 07 09 22 32 43
00007 - 07 09 30 33 47
00008 - 07 09 62 71 78
00009 - 07 12 13 33 43
00010 - 07 12 21 32 47
00011 - 07 12 22 39 51
00012 - 07 12 30 31 46
00013 - 07 13 21 57 78
00014 - 07 13 21 60 62
00015 - 07 13 21 61 71
00016 - 07 13 22 46 47
00017 - 07 13 30 32 39
00018 - 07 21 22 31 33
00019 - 07 21 30 43 51
00020 - 07 22 30 57 78
00021 - 07 22 30 60 71
00022 - 07 22 30 61 62
00023 - 07 31 32 57 61
00024 - 07 31 32 60 78
00025 - 07 31 32 62 71
00026 - 07 31 39 43 47
00027 - 07 32 33 46 51
00028 - 07 33 39 57 60
00029 - 07 33 39 61 78
00030 - 07 33 39 62 71
00031 - 07 43 46 57 71
00032 - 07 43 46 60 61
00033 - 07 43 46 62 78
00034 - 07 47 51 57 62
00035 - 07 47 51 60 61
00036 - 07 47 51 71 78
00037 - 09 12 13 39 47
00038 - 09 12 21 31 43
00039 - 09 12 22 33 46
00040 - 09 12 30 32 51
00041 - 09 13 21 32 33
00042 - 09 13 22 57 60
00043 - 09 13 22 61 78
00044 - 09 13 22 62 71
00045 - 09 13 30 43 46
00046 - 09 21 22 47 51
00047 - 09 21 30 57 61
00048 - 09 21 30 60 78
00049 - 09 21 30 62 71
00050 - 09 22 30 31 39
00051 - 09 31 32 46 47
00052 - 09 31 33 57 71
00053 - 09 31 33 60 61
00054 - 09 31 33 62 78
00055 - 09 32 39 57 62
00056 - 09 32 39 60 61
00057 - 09 32 39 71 78
00058 - 09 33 39 43 51
00059 - 09 43 47 57 78
00060 - 09 43 47 60 71
00061 - 09 43 47 61 62
00062 - 09 46 51 57 78
00063 - 09 46 51 60 62
00064 - 09 46 51 61 71
00065 - 12 13 21 46 51
00066 - 12 13 22 31 32
00067 - 12 13 30 57 62
00068 - 12 13 30 60 61
00069 - 12 13 30 71 78
00070 - 12 21 22 57 71
00071 - 12 21 22 60 61
00072 - 12 21 22 62 78
00073 - 12 21 30 33 39
00074 - 12 22 30 43 47
00075 - 12 31 33 47 51
00076 - 12 31 39 57 78
00077 - 12 31 39 60 71
00078 - 12 31 39 61 62
00079 - 12 32 33 57 78
00080 - 12 32 33 60 62
00081 - 12 32 33 61 71
00082 - 12 32 39 43 46
00083 - 12 43 51 57 61
00084 - 12 43 51 60 78
00085 - 12 43 51 62 71
00086 - 12 46 47 57 60
00087 - 12 46 47 61 78
00088 - 12 46 47 62 71
00089 - 13 21 22 39 43
00090 - 13 21 30 31 47
00091 - 13 22 30 33 51
00092 - 13 31 33 39 46
00093 - 13 31 43 57 78
00094 - 13 31 43 60 61
00095 - 13 31 43 62 71
00096 - 13 32 43 47 51
00097 - 13 32 46 57 78
00098 - 13 32 46 60 71
00099 - 13 32 46 61 62
00100 - 13 33 47 57 61
00101 - 13 33 47 60 78
00102 - 13 33 47 62 71
00103 - 13 39 51 57 71
00104 - 13 39 51 60 61
00105 - 13 39 51 62 78
00106 - 21 22 30 32 46
00107 - 21 31 32 39 51
00108 - 21 31 46 57 62
00109 - 21 31 46 60 61
00110 - 21 31 46 71 78
00111 - 21 32 43 57 60
00112 - 21 32 43 61 78
00113 - 21 32 43 62 71
00114 - 21 33 43 46 47
00115 - 21 33 51 57 78
00116 - 21 33 51 60 71
00117 - 21 33 51 61 62
00118 - 21 39 47 57 78
00119 - 21 39 47 60 61
00120 - 21 39 47 62 71
00121 - 22 31 43 46 51
00122 - 22 31 47 57 78
00123 - 22 31 47 60 62
00124 - 22 31 47 61 71
00125 - 22 32 33 39 47
00126 - 22 32 51 57 78
00127 - 22 32 51 60 61
00128 - 22 32 51 62 71
00129 - 22 33 43 57 62
00130 - 22 33 43 60 61
00131 - 22 33 43 71 78
00132 - 22 39 46 57 61
00133 - 22 39 46 60 78
00134 - 22 39 46 62 71
00135 - 30 31 32 33 43
00136 - 30 31 51 57 60
00137 - 30 31 51 61 78
00138 - 30 31 51 62 71
00139 - 30 32 47 57 71
00140 - 30 32 47 60 61
00141 - 30 32 47 62 78
00142 - 30 33 46 57 78
00143 - 30 33 46 60 61
00144 - 30 33 46 62 71
00145 - 30 39 43 57 78
00146 - 30 39 43 60 62
00147 - 30 39 43 61 71
00148 - 30 39 46 47 51
00149 - 57 60 61 62 71
00150 - 57 60 61 62 78
00151 - 57 60 61 71 78