00001 - 01 02 04 09 36
00002 - 01 02 06 14 49
00003 - 01 02 06 46 73
00004 - 01 02 09 22 71
00005 - 01 02 14 56 61
00006 - 01 02 19 58 62
00007 - 01 03 07 22 60
00008 - 01 03 30 48 57
00009 - 01 03 65 67 70
00010 - 01 04 26 57 68
00011 - 01 04 38 39 48
00012 - 01 05 21 29 36
00013 - 01 05 37 39 56
00014 - 01 06 20 27 50
00015 - 01 06 31 41 47
00016 - 01 07 21 58 68
00017 - 01 07 23 77 80
00018 - 01 07 32 61 66
00019 - 01 08 33 45 57
00020 - 01 09 10 25 40
00021 - 01 09 17 48 60
00022 - 01 10 15 21 30
00023 - 01 10 38 44 78
00024 - 01 11 39 56 74
00025 - 01 12 14 59 63
00026 - 01 16 31 38 53
00027 - 01 17 19 67 76
00028 - 01 17 24 54 77
00029 - 01 19 44 72 75
00030 - 01 20 27 29 72
00031 - 01 20 28 55 56
00032 - 01 20 48 53 58
00033 - 01 22 30 47 49
00034 - 01 22 32 37 74
00035 - 01 22 55 71 76
00036 - 01 23 52 67 78
00037 - 01 24 29 40 53
00038 - 01 27 30 44 64
00039 - 01 28 30 74 76
00040 - 01 30 34 43 54
00041 - 01 30 45 47 48
00042 - 01 31 36 45 50
00043 - 01 31 65 69 70
00044 - 01 33 38 42 51
00045 - 01 33 46 47 51
00046 - 01 37 49 52 60
00047 - 01 41 48 56 68
00048 - 01 42 54 56 73
00049 - 01 45 67 74 79
00050 - 01 49 51 62 72
00051 - 01 51 63 68 76
00052 - 01 63 67 74 80
00053 - 02 03 18 70 73
00054 - 02 04 34 62 80
00055 - 02 04 36 41 59
00056 - 02 05 17 36 59
00057 - 02 06 09 25 37
00058 - 02 06 12 13 68
00059 - 02 06 32 67 79
00060 - 02 07 08 14 60
00061 - 02 07 09 19 79
00062 - 02 07 25 37 52
00063 - 02 07 33 40 80
00064 - 02 09 12 43 48
00065 - 02 10 17 24 51
00066 - 02 11 13 66 75
00067 - 02 11 15 25 57
00068 - 02 11 17 53 70
00069 - 02 11 21 22 27
00070 - 02 11 22 35 79
00071 - 02 11 33 38 54
00072 - 02 12 18 31 78
00073 - 02 12 37 72 77
00074 - 02 13 14 29 69
00075 - 02 13 26 34 79
00076 - 02 14 16 19 38
00077 - 02 14 19 37 74
00078 - 02 15 18 37 71
00079 - 02 15 20 52 53
00080 - 02 15 22 59 78
00081 - 02 15 37 58 78
00082 - 02 16 20 47 49
00083 - 02 16 39 50 65
00084 - 02 16 44 75 80
00085 - 02 16 52 55 62
00086 - 02 17 25 47 53
00087 - 02 17 47 49 60
00088 - 02 20 21 23 77
00089 - 02 20 23 29 59
00090 - 02 22 25 39 67
00091 - 02 23 33 76 79
00092 - 02 25 30 51 72
00093 - 02 26 27 43 71
00094 - 02 26 28 34 53
00095 - 02 26 31 45 70
00096 - 02 28 58 59 74
00097 - 02 29 34 40 67
00098 - 02 30 31 62 65
00099 - 02 34 35 37 61
00100 - 02 38 51 55 70
00101 - 02 50 64 70 77
00102 - 02 51 57 77 80
00103 - 03 04 12 36 67
00104 - 03 05 32 55 69
00105 - 03 06 14 30 48
00106 - 03 06 19 63 64
00107 - 03 06 25 41 64
00108 - 03 06 65 69 71
00109 - 03 07 24 54 71
00110 - 03 07 40 54 58
00111 - 03 07 42 54 80
00112 - 03 08 11 15 25
00113 - 03 08 12 38 61
00114 - 03 10 28 42 61
00115 - 03 10 31 52 64
00116 - 03 11 13 25 75
00117 - 03 11 18 27 44
00118 - 03 11 23 50 64
00119 - 03 11 36 45 57
00120 - 03 12 28 32 64
00121 - 03 13 17 68 73
00122 - 03 13 38 67 73
00123 - 03 14 51 68 69
00124 - 03 14 52 60 67
00125 - 03 15 16 22 47
00126 - 03 15 58 66 80
00127 - 03 16 22 76 78
00128 - 03 17 18 65 77
00129 - 03 17 55 71 79
00130 - 03 19 35 61 63
00131 - 03 19 36 63 74
00132 - 03 20 22 48 68
00133 - 03 20 41 67 69
00134 - 03 30 35 37 46
00135 - 03 32 35 40 42
00136 - 03 33 48 64 78
00137 - 03 33 51 57 78
00138 - 03 34 39 46 54
00139 - 03 35 38 66 79
00140 - 03 36 40 48 61
00141 - 03 42 69 72 76
00142 - 03 43 48 53 80
00143 - 03 43 57 60 63
00144 - 03 45 59 62 76
00145 - 04 05 06 20 49
00146 - 04 05 35 69 73
00147 - 04 05 56 62 67
00148 - 04 06 17 74 77
00149 - 04 06 24 58 77
00150 - 04 06 42 46 80
00151 - 04 07 08 26 53
00152 - 04 08 10 51 54
00153 - 04 08 14 15 41
00154 - 04 08 53 55 75
00155 - 04 10 12 28 64
00156 - 04 10 12 48 61
00157 - 04 10 26 32 47
00158 - 04 11 27 37 41
00159 - 04 11 37 56 75
00160 - 04 12 13 26 73
00161 - 04 12 39 42 73
00162 - 04 13 14 15 30
00163 - 04 14 21 76 79
00164 - 04 14 23 71 76
00165 - 04 16 17 63 76
00166 - 04 16 37 67 77
00167 - 04 16 47 50 68
00168 - 04 17 38 43 57
00169 - 04 17 62 77 79
00170 - 04 18 36 55 65
00171 - 04 19 38 48 51
00172 - 04 20 28 37 54
00173 - 04 21 28 50 61
00174 - 04 23 38 50 65
00175 - 04 23 44 61 73
00176 - 04 25 48 67 80
00177 - 04 26 29 33 36
00178 - 04 30 40 44 61
00179 - 04 33 38 51 67
00180 - 04 33 48 55 58
00181 - 04 34 43 55 64
00182 - 04 40 65 66 70
00183 - 04 54 60 65 73
00184 - 05 06 09 40 66
00185 - 05 07 13 22 62
00186 - 05 07 14 55 69
00187 - 05 07 34 51 60
00188 - 05 07 45 54 74
00189 - 05 08 19 52 67
00190 - 05 08 20 23 46
00191 - 05 08 51 75 78
00192 - 05 09 18 23 73
00193 - 05 10 28 30 68
00194 - 05 11 13 63 80
00195 - 05 11 19 50 71
00196 - 05 11 38 60 78
00197 - 05 11 47 51 64
00198 - 05 11 52 61 80
00199 - 05 12 27 29 58
00200 - 05 12 51 57 59
00201 - 05 15 19 24 58
00202 - 05 16 20 31 59
00203 - 05 17 19 41 44
00204 - 05 17 25 54 60
00205 - 05 18 23 26 42
00206 - 05 18 23 26 66
00207 - 05 18 27 42 53
00208 - 05 27 43 50 67
00209 - 05 28 40 63 78
00210 - 05 28 54 63 68
00211 - 05 31 32 54 72
00212 - 05 33 49 55 56
00213 - 05 36 49 60 80
00214 - 05 37 39 45 66
00215 - 05 38 41 52 75
00216 - 05 38 43 57 76
00217 - 05 44 52 63 79
00218 - 05 45 51 53 76
00219 - 05 46 48 57 72
00220 - 05 46 54 64 67
00221 - 05 46 56 57 64
00222 - 05 51 59 60 71
00223 - 05 59 67 76 78
00224 - 05 67 69 79 80
00225 - 06 07 08 20 69
00226 - 06 07 22 34 64
00227 - 06 07 26 36 65
00228 - 06 07 30 42 43
00229 - 06 07 41 54 64
00230 - 06 09 15 37 77
00231 - 06 09 19 57 62
00232 - 06 09 55 67 73
00233 - 06 10 29 51 74
00234 - 06 10 57 75 80
00235 - 06 11 13 14 65
00236 - 06 11 26 31 48
00237 - 06 12 44 46 52
00238 - 06 14 25 45 59
00239 - 06 14 36 37 52
00240 - 06 15 48 51 59
00241 - 06 16 19 34 45
00242 - 06 16 67 68 72
00243 - 06 17 38 67 75
00244 - 06 18 27 37 71
00245 - 06 20 22 47 78
00246 - 06 20 25 27 70
00247 - 06 22 28 78 80
00248 - 06 23 28 52 66
00249 - 06 25 27 30 52
00250 - 06 25 33 34 50
00251 - 06 29 32 48 56
00252 - 06 34 44 66 77
00253 - 06 35 38 52 55
00254 - 06 38 47 58 68
00255 - 06 42 47 51 79
00256 - 06 49 55 58 76
00257 - 06 56 72 76 78
00258 - 07 08 24 49 74
00259 - 07 10 20 45 75
00260 - 07 10 39 69 76
00261 - 07 10 44 51 79
00262 - 07 11 16 32 68
00263 - 07 12 38 40 77
00264 - 07 14 32 34 74
00265 - 07 14 49 65 70
00266 - 07 15 28 37 70
00267 - 07 15 30 46 72
00268 - 07 15 44 50 51
00269 - 07 16 20 37 76
00270 - 07 16 21 26 75
00271 - 07 16 21 33 60
00272 - 07 16 44 47 58
00273 - 07 17 23 51 68
00274 - 07 17 33 64 65
00275 - 07 18 19 21 26
00276 - 07 18 21 67 74
00277 - 07 22 26 28 78
00278 - 07 22 53 69 70
00279 - 07 24 27 32 52
00280 - 07 24 36 71 76
00281 - 07 25 33 48 50
00282 - 07 27 56 58 71
00283 - 07 34 51 65 72
00284 - 07 36 41 70 71
00285 - 07 41 46 69 71
00286 - 07 42 44 51 65
00287 - 08 09 42 57 80
00288 - 08 10 30 45 56
00289 - 08 10 35 65 78
00290 - 08 11 26 41 45
00291 - 08 11 30 50 57
00292 - 08 13 35 55 71
00293 - 08 14 22 31 48
00294 - 08 14 24 49 73
00295 - 08 15 31 54 76
00296 - 08 18 34 37 65
00297 - 08 18 63 74 77
00298 - 08 20 23 31 74
00299 - 08 20 42 52 75
00300 - 08 21 25 60 65
00301 - 08 21 36 76 79
00302 - 08 22 63 64 75
00303 - 08 24 27 37 58
00304 - 08 24 30 66 73
00305 - 08 24 66 70 76
00306 - 08 26 49 58 74
00307 - 08 28 37 58 64
00308 - 08 28 37 59 60
00309 - 08 28 40 69 72
00310 - 08 28 49 55 78
00311 - 08 29 38 78 80
00312 - 08 32 36 60 63
00313 - 08 33 36 39 63
00314 - 08 40 51 76 77
00315 - 08 42 57 62 80
00316 - 08 43 47 59 78
00317 - 08 44 53 58 70
00318 - 08 48 53 56 72
00319 - 08 50 58 62 66
00320 - 09 10 26 31 78
00321 - 09 10 31 40 63
00322 - 09 12 50 68 75
00323 - 09 13 46 57 73
00324 - 09 14 30 42 58
00325 - 09 15 37 41 63
00326 - 09 15 38 58 66
00327 - 09 17 32 49 66
00328 - 09 18 29 31 72
00329 - 09 18 41 49 71
00330 - 09 19 32 51 69
00331 - 09 20 27 40 41
00332 - 09 21 30 47 48
00333 - 09 21 39 70 74
00334 - 09 21 41 63 80
00335 - 09 23 27 49 70
00336 - 09 25 28 41 64
00337 - 09 25 34 40 66
00338 - 09 25 36 56 66
00339 - 09 25 39 49 62
00340 - 09 25 47 59 65
00341 - 09 26 41 58 59
00342 - 09 27 49 72 80
00343 - 09 33 41 57 76
00344 - 09 36 40 55 79
00345 - 09 37 42 67 78
00346 - 09 38 46 64 70
00347 - 09 41 47 54 56
00348 - 09 44 45 57 58
00349 - 09 49 66 68 75
00350 - 09 49 67 69 76
00351 - 09 52 57 70 78
00352 - 10 11 17 35 43
00353 - 10 12 28 45 60
00354 - 10 14 54 64 68
00355 - 10 15 16 23 26
00356 - 10 15 19 58 68
00357 - 10 15 23 66 72
00358 - 10 15 27 56 66
00359 - 10 20 21 53 65
00360 - 10 20 34 62 71
00361 - 10 22 37 40 48
00362 - 10 23 26 49 59
00363 - 10 24 26 49 77
00364 - 10 24 28 37 64
00365 - 10 24 42 49 58
00366 - 10 30 41 54 70
00367 - 10 31 65 72 80
00368 - 10 34 38 46 70
00369 - 10 35 62 63 73
00370 - 10 39 47 59 80
00371 - 10 40 58 64 75
00372 - 10 40 64 72 80
00373 - 10 46 51 52 66
00374 - 11 12 19 53 66
00375 - 11 12 26 39 76
00376 - 11 14 16 45 75
00377 - 11 14 38 54 59
00378 - 11 14 41 44 60
00379 - 11 15 26 36 53
00380 - 11 16 71 72 75
00381 - 11 18 22 64 80
00382 - 11 20 36 59 77
00383 - 11 21 25 29 52
00384 - 11 21 44 51 58
00385 - 11 21 45 47 75
00386 - 11 23 29 41 44
00387 - 11 25 33 46 68
00388 - 11 26 31 51 66
00389 - 11 26 31 54 62
00390 - 11 26 32 40 74
00391 - 11 26 51 63 67
00392 - 11 28 38 60 62
00393 - 11 29 48 64 75
00394 - 11 32 71 76 80
00395 - 11 33 56 65 66
00396 - 11 34 35 60 63
00397 - 11 34 36 58 80
00398 - 11 37 43 52 59
00399 - 11 40 42 46 56
00400 - 11 44 62 64 72
00401 - 11 45 56 61 76
00402 - 11 50 53 57 63
00403 - 11 65 67 71 74
00404 - 12 13 22 55 60
00405 - 12 15 47 64 80
00406 - 12 15 48 52 68
00407 - 12 16 24 57 63
00408 - 12 16 37 63 73
00409 - 12 16 38 55 75
00410 - 12 18 51 63 67
00411 - 12 19 33 34 67
00412 - 12 19 38 60 77
00413 - 12 21 30 54 73
00414 - 12 21 38 68 75
00415 - 12 23 26 48 50
00416 - 12 24 25 42 77
00417 - 12 24 26 48 74
00418 - 12 25 47 76 79
00419 - 12 27 33 40 51
00420 - 12 27 34 49 55
00421 - 12 28 44 49 50
00422 - 12 29 43 63 64
00423 - 12 29 44 66 68
00424 - 12 30 31 68 74
00425 - 12 31 49 57 64
00426 - 12 33 47 64 76
00427 - 12 34 38 45 74
00428 - 12 35 51 52 78
00429 - 12 41 47 50 66
00430 - 12 42 59 62 73
00431 - 12 51 61 77 80
00432 - 12 52 59 72 79
00433 - 13 14 17 52 71
00434 - 13 14 47 49 59
00435 - 13 15 21 37 80
00436 - 13 16 29 56 60
00437 - 13 17 27 32 38
00438 - 13 19 32 49 69
00439 - 13 20 27 56 62
00440 - 13 20 35 53 69
00441 - 13 21 29 36 49
00442 - 13 21 29 48 72
00443 - 13 22 37 59 61
00444 - 13 23 26 27 71
00445 - 13 23 26 28 65
00446 - 13 24 36 37 75
00447 - 13 24 39 58 76
00448 - 13 25 44 59 76
00449 - 13 27 29 54 66
00450 - 13 29 34 39 71
00451 - 13 29 42 48 73
00452 - 13 29 43 76 77
00453 - 13 30 38 49 56
00454 - 13 31 32 55 62
00455 - 13 31 34 68 72
00456 - 13 31 44 60 62
00457 - 13 33 37 54 78
00458 - 13 33 49 64 68
00459 - 13 34 44 68 74
00460 - 13 35 42 50 78
00461 - 13 35 46 50 62
00462 - 13 36 54 59 76
00463 - 13 42 47 48 50
00464 - 13 43 52 75 79
00465 - 13 43 53 63 80
00466 - 13 50 64 69 77
00467 - 13 51 58 62 63
00468 - 14 15 21 24 54
00469 - 14 16 32 49 62
00470 - 14 18 34 46 48
00471 - 14 18 47 55 58
00472 - 14 19 24 28 63
00473 - 14 20 38 62 76
00474 - 14 20 45 47 80
00475 - 14 21 24 60 62
00476 - 14 23 24 52 58
00477 - 14 23 24 56 79
00478 - 14 23 37 39 58
00479 - 14 25 26 37 59
00480 - 14 27 30 35 72
00481 - 14 27 41 52 57
00482 - 14 28 34 37 43
00483 - 14 28 67 68 70
00484 - 14 30 38 59 65
00485 - 14 30 41 55 57
00486 - 14 31 49 68 70
00487 - 14 38 44 57 58
00488 - 14 39 41 53 74
00489 - 14 41 42 47 65
00490 - 14 51 54 67 69
00491 - 15 16 32 43 61
00492 - 15 17 20 29 78
00493 - 15 17 23 36 79
00494 - 15 18 22 47 59
00495 - 15 19 54 62 63
00496 - 15 21 24 63 74
00497 - 15 21 52 56 58
00498 - 15 22 31 42 52
00499 - 15 22 61 64 65
00500 - 15 23 24 57 75
00501 - 15 23 45 52 56
00502 - 15 27 49 56 64
00503 - 15 29 37 38 79
00504 - 15 32 73 76 79
00505 - 15 44 61 66 68
00506 - 15 45 49 57 66
00507 - 15 45 55 59 71
00508 - 15 45 74 75 76
00509 - 15 47 71 73 79
00510 - 15 54 56 76 78
00511 - 16 17 25 48 57
00512 - 16 17 45 57 67
00513 - 16 18 22 41 60
00514 - 16 18 31 64 72
00515 - 16 18 35 49 77
00516 - 16 18 46 52 70
00517 - 16 19 23 52 53
00518 - 16 19 24 48 51
00519 - 16 19 29 54 63
00520 - 16 22 38 42 67
00521 - 16 23 44 54 63
00522 - 16 25 32 53 64
00523 - 16 26 49 52 71
00524 - 16 26 55 56 75
00525 - 16 30 31 33 45
00526 - 16 38 52 66 69
00527 - 16 53 57 66 72
00528 - 17 18 26 68 74
00529 - 17 18 34 38 78
00530 - 17 19 28 42 78
00531 - 17 20 41 58 73
00532 - 17 22 32 33 76
00533 - 17 25 28 43 72
00534 - 17 25 44 51 76
00535 - 17 26 35 41 46
00536 - 17 27 47 52 64
00537 - 17 28 29 48 67
00538 - 17 28 31 32 70
00539 - 17 28 37 49 75
00540 - 17 28 64 70 74
00541 - 17 30 59 66 78
00542 - 17 31 51 52 74
00543 - 17 32 48 53 75
00544 - 17 33 48 53 73
00545 - 17 34 37 72 77
00546 - 17 37 47 57 61
00547 - 17 38 56 58 73
00548 - 17 39 48 68 77
00549 - 17 41 42 60 78
00550 - 17 51 52 64 77
00551 - 17 55 70 74 76
00552 - 17 57 58 59 70
00553 - 18 19 27 46 53
00554 - 18 19 31 48 57
00555 - 18 19 45 54 78
00556 - 18 19 57 70 80
00557 - 18 19 69 79 80
00558 - 18 21 23 62 74
00559 - 18 21 29 50 78
00560 - 18 21 38 68 71
00561 - 18 21 48 57 74
00562 - 18 22 23 31 73
00563 - 18 23 26 75 77
00564 - 18 24 26 53 66
00565 - 18 24 31 54 55
00566 - 18 24 33 69 78
00567 - 18 24 37 53 67
00568 - 18 24 69 71 77
00569 - 18 27 36 49 67
00570 - 18 34 41 56 65
00571 - 18 36 40 78 80
00572 - 18 36 46 50 62
00573 - 18 37 53 54 56
00574 - 18 43 50 56 75
00575 - 18 45 59 75 79
00576 - 18 55 56 58 77
00577 - 18 58 67 74 78
00578 - 19 20 36 40 69
00579 - 19 20 44 58 70
00580 - 19 20 48 57 74
00581 - 19 21 22 45 63
00582 - 19 22 31 44 54
00583 - 19 22 41 55 57
00584 - 19 22 41 67 76
00585 - 19 25 29 73 74
00586 - 19 25 40 53 63
00587 - 19 27 29 50 78
00588 - 19 29 55 76 78
00589 - 19 30 37 42 60
00590 - 19 31 38 42 49
00591 - 19 35 51 76 80
00592 - 19 46 60 77 79
00593 - 19 49 55 70 76
00594 - 19 57 62 71 73
00595 - 20 21 43 59 76
00596 - 20 23 27 30 33
00597 - 20 23 74 77 80
00598 - 20 24 27 31 39
00599 - 20 24 40 74 76
00600 - 20 24 50 69 80
00601 - 20 26 49 58 64
00602 - 20 30 54 66 73
00603 - 20 38 48 77 78
00604 - 20 39 66 67 75
00605 - 20 43 47 73 77
00606 - 21 22 43 50 71
00607 - 21 26 36 45 49
00608 - 21 26 45 53 80
00609 - 21 28 34 48 71
00610 - 21 30 33 52 55
00611 - 21 30 55 64 75
00612 - 21 31 37 39 46
00613 - 21 33 37 66 71
00614 - 21 35 44 52 55
00615 - 21 46 53 58 72
00616 - 21 50 70 72 74
00617 - 21 52 53 61 80
00618 - 21 52 56 67 80
00619 - 22 23 26 52 72
00620 - 22 24 45 53 75
00621 - 22 25 26 33 35
00622 - 22 26 34 41 42
00623 - 22 26 59 64 70
00624 - 22 28 53 67 75
00625 - 22 29 40 55 72
00626 - 22 31 55 75 78
00627 - 22 32 34 46 64
00628 - 22 32 65 66 77
00629 - 22 33 53 71 77
00630 - 22 36 42 51 64
00631 - 22 36 48 51 65
00632 - 22 39 43 74 76
00633 - 22 40 41 59 62
00634 - 22 45 46 65 66
00635 - 22 52 59 61 76
00636 - 22 61 66 75 76
00637 - 23 25 28 55 76
00638 - 23 28 40 47 48
00639 - 23 28 40 47 56
00640 - 23 31 34 54 73
00641 - 23 38 46 53 76
00642 - 23 40 41 52 55
00643 - 23 41 44 61 63
00644 - 23 41 48 67 72
00645 - 23 51 71 77 80
00646 - 23 54 64 67 72
00647 - 23 56 61 73 75
00648 - 24 25 49 59 67
00649 - 24 25 67 69 72
00650 - 24 26 35 39 71
00651 - 24 27 46 67 69
00652 - 24 28 29 65 74
00653 - 24 28 54 68 74
00654 - 24 31 33 68 80
00655 - 24 32 44 48 56
00656 - 24 32 73 75 78
00657 - 24 41 67 70 76
00658 - 24 42 47 65 72
00659 - 24 50 57 70 75
00660 - 25 26 47 55 80
00661 - 25 26 60 66 75
00662 - 25 27 45 54 76
00663 - 25 28 31 34 80
00664 - 25 28 31 59 76
00665 - 25 28 43 58 59
00666 - 25 29 30 34 36
00667 - 25 30 58 59 77
00668 - 25 31 37 41 45
00669 - 25 32 41 51 58
00670 - 25 42 57 66 67
00671 - 25 45 54 57 73
00672 - 25 47 57 62 68
00673 - 25 49 66 71 78
00674 - 26 27 28 35 63
00675 - 26 27 32 39 42
00676 - 26 27 34 43 51
00677 - 26 29 33 51 75
00678 - 26 30 33 43 72
00679 - 26 30 37 46 61
00680 - 26 30 39 44 47
00681 - 26 32 51 57 75
00682 - 26 35 38 50 76
00683 - 26 37 72 74 79
00684 - 26 39 63 73 74
00685 - 26 47 67 74 80
00686 - 26 52 58 70 74
00687 - 26 54 69 72 76
00688 - 26 55 63 68 75
00689 - 26 57 59 65 72
00690 - 27 29 36 46 51
00691 - 27 29 45 54 70
00692 - 27 29 66 67 75
00693 - 27 30 53 56 58
00694 - 27 32 39 61 65
00695 - 27 34 47 57 67
00696 - 27 34 54 70 79
00697 - 27 37 41 51 56
00698 - 27 43 49 71 74
00699 - 27 43 57 59 79
00700 - 27 52 74 77 79
00701 - 27 71 72 75 80
00702 - 28 29 37 61 74
00703 - 28 29 45 48 54
00704 - 28 29 50 58 64
00705 - 28 31 42 56 78
00706 - 28 33 37 44 77
00707 - 28 35 53 55 56
00708 - 28 36 42 45 71
00709 - 28 37 50 64 71
00710 - 28 39 46 65 80
00711 - 28 40 43 78 80
00712 - 28 41 44 66 71
00713 - 28 41 47 48 53
00714 - 28 47 52 54 76
00715 - 28 51 64 65 80
00716 - 28 52 68 73 78
00717 - 29 31 44 64 68
00718 - 29 32 36 72 75
00719 - 29 33 34 61 63
00720 - 29 34 43 74 77
00721 - 29 36 42 63 80
00722 - 29 37 39 46 58
00723 - 29 42 53 68 69
00724 - 29 48 50 56 70
00725 - 29 54 65 68 74
00726 - 30 37 38 59 71
00727 - 30 44 48 54 77
00728 - 30 46 50 54 62
00729 - 30 48 57 68 77
00730 - 31 33 43 61 74
00731 - 31 34 54 67 72
00732 - 31 37 51 53 59
00733 - 31 38 47 67 77
00734 - 31 38 60 61 68
00735 - 31 42 45 54 55
00736 - 31 42 48 70 75
00737 - 31 49 54 55 60
00738 - 31 49 54 67 75
00739 - 32 33 61 66 69
00740 - 32 34 40 76 80
00741 - 32 35 54 55 75
00742 - 32 35 63 76 78
00743 - 32 37 38 47 67
00744 - 32 42 46 64 79
00745 - 32 45 55 65 71
00746 - 33 34 38 60 75
00747 - 33 34 57 58 71
00748 - 33 37 51 57 74
00749 - 33 43 46 60 75
00750 - 34 35 38 40 59
00751 - 34 35 39 53 76
00752 - 34 36 56 72 77
00753 - 34 38 39 40 59
00754 - 34 38 40 62 78
00755 - 34 38 60 66 72
00756 - 34 40 44 50 79
00757 - 34 41 50 52 59
00758 - 34 47 48 53 54
00759 - 34 48 56 70 73
00760 - 34 49 54 55 58
00761 - 35 39 51 57 65
00762 - 35 39 62 67 72
00763 - 35 40 60 66 73
00764 - 35 41 44 52 78
00765 - 35 46 51 52 72
00766 - 35 52 58 63 72
00767 - 35 53 66 74 78
00768 - 36 38 51 56 75
00769 - 36 40 57 67 74
00770 - 36 41 68 74 77
00771 - 36 47 52 64 71
00772 - 36 50 54 55 77
00773 - 36 50 55 59 80
00774 - 37 39 43 72 77
00775 - 37 44 47 54 73
00776 - 37 46 58 66 68
00777 - 37 50 59 67 69
00778 - 37 55 65 69 72
00779 - 37 64 72 79 80
00780 - 38 39 60 65 72
00781 - 38 45 53 78 79
00782 - 38 55 59 60 69
00783 - 39 45 49 58 61
00784 - 39 56 72 77 79
00785 - 40 43 48 55 72
00786 - 40 44 45 46 76
00787 - 41 42 55 60 80
00788 - 41 57 67 68 76
00789 - 41 62 64 67 73
00790 - 42 44 50 62 78
00791 - 42 44 56 65 76
00792 - 42 51 58 61 64
00793 - 42 55 63 65 76
00794 - 42 70 71 78 80
00795 - 43 47 55 56 76
00796 - 43 54 72 75 79
00797 - 43 56 57 68 78
00798 - 44 49 50 52 65
00799 - 45 48 55 68 77
00800 - 45 50 64 71 79
00801 - 47 59 68 72 75
00802 - 48 63 74 75 80
00803 - 50 53 55 68 79
00804 - 51 54 61 68 77
00805 - 51 58 60 72 75
00806 - 52 66 71 72 79
00807 - 54 60 68 75 77
00808 - 59 62 67 70 78
00809 - 60 65 68 73 74
00810 - 62 71 77 78 80