00001 - 03 17 18 43 71
00002 - 18 21 22 56 58
00003 - 03 17 22 28 29
00004 - 03 17 27 34 76
00005 - 03 17 30 52 76
00006 - 03 17 36 76 78
00007 - 03 18 22 30 34
00008 - 03 18 27 29 78
00009 - 03 18 28 34 76
00010 - 03 18 28 43 52
00011 - 03 18 29 36 76
00012 - 03 22 27 52 78
00013 - 03 22 36 52 71
00014 - 03 22 43 71 76
00015 - 03 27 28 30 71
00016 - 03 27 34 36 43
00017 - 03 28 36 71 78
00018 - 03 29 30 43 78
00019 - 03 29 34 52 71
00020 - 03 30 34 36 78
00021 - 17 18 22 36 78
00022 - 17 18 27 28 36
00023 - 17 18 29 30 34
00024 - 17 18 52 71 76
00025 - 17 22 27 34 71
00026 - 17 22 29 43 52
00027 - 17 22 30 36 76
00028 - 17 27 29 36 52
00029 - 17 27 30 43 78
00030 - 17 28 29 43 76
00031 - 17 28 30 34 71
00032 - 17 28 34 52 78
00033 - 17 29 34 36 43
00034 - 17 29 36 71 78
00035 - 18 22 27 43 76
00036 - 18 22 28 29 71
00037 - 18 22 34 36 52
00038 - 18 27 29 43 71
00039 - 18 27 30 34 52
00040 - 18 28 30 76 78
00041 - 18 29 52 76 78
00042 - 18 30 36 43 71
00043 - 18 34 43 71 78
00044 - 22 27 28 52 76
00045 - 22 27 29 30 36
00046 - 22 28 30 43 78
00047 - 22 28 34 36 43
00048 - 22 29 34 76 78
00049 - 22 30 52 71 78
00050 - 27 28 29 34 78
00051 - 27 28 43 52 71
00052 - 27 29 30 71 76
00053 - 27 36 71 76 78
00054 - 28 29 30 36 52
00055 - 28 34 36 71 76
00056 - 30 34 43 52 76
00057 - 36 43 52 76 78
00058 - 18 21 23 36 37
00059 - 18 21 26 49 72
00060 - 18 21 41 57 72
00061 - 18 21 51 72 77
00062 - 18 22 23 41 49
00063 - 18 22 26 37 77
00064 - 18 22 36 49 72
00065 - 18 22 36 56 57
00066 - 18 22 37 51 72
00067 - 18 23 26 57 77
00068 - 18 23 51 57 58
00069 - 18 23 56 58 72
00070 - 18 26 36 41 58
00071 - 18 26 49 51 56
00072 - 18 36 51 58 77
00073 - 18 37 41 56 77
00074 - 18 37 49 57 58
00075 - 18 41 49 51 77
00076 - 21 22 23 51 77
00077 - 21 22 26 36 51
00078 - 21 22 37 41 49
00079 - 21 22 57 58 72
00080 - 21 23 26 49 58
00081 - 21 23 37 56 57
00082 - 21 23 41 51 72
00083 - 21 26 37 51 57
00084 - 21 26 41 56 77
00085 - 21 36 37 56 72
00086 - 21 36 41 49 58
00087 - 21 36 49 57 77
00088 - 21 37 49 51 56
00089 - 21 37 51 58 77
00090 - 22 23 26 56 72
00091 - 22 23 36 37 58
00092 - 22 23 49 51 57
00093 - 22 26 37 56 58
00094 - 22 26 41 49 57
00095 - 22 36 41 72 77
00096 - 22 37 57 72 77
00097 - 22 41 51 56 58
00098 - 22 49 56 58 77
00099 - 23 26 36 57 72
00100 - 23 26 37 41 51
00101 - 23 36 41 56 77
00102 - 23 36 49 51 56
00103 - 23 37 49 72 77
00104 - 23 41 57 58 77
00105 - 26 36 37 49 77
00106 - 26 36 56 57 58
00107 - 26 37 41 58 72
00108 - 26 51 58 72 77
00109 - 36 37 41 51 57
00110 - 36 49 51 58 72
00111 - 41 49 56 57 72
00112 - 51 56 57 72 77