00001 - 01 06 08 20 62
00002 - 01 06 19 32 58
00003 - 01 06 20 28 49
00004 - 01 06 20 28 56
00005 - 01 06 29 42 75
00006 - 01 08 19 28 42
00007 - 01 08 29 32 49
00008 - 01 08 56 58 75
00009 - 01 19 20 29 49
00010 - 01 19 29 49 56
00011 - 01 19 49 62 75
00012 - 01 20 28 32 75
00013 - 01 20 42 49 58
00014 - 01 28 29 58 62
00015 - 01 32 42 56 62
00016 - 06 08 19 49 58
00017 - 06 08 28 32 75
00018 - 06 08 29 42 56
00019 - 06 19 20 58 75
00020 - 06 19 28 29 42
00021 - 06 19 28 42 58
00022 - 06 19 29 42 58
00023 - 06 19 56 58 62
00024 - 06 20 29 32 42
00025 - 06 28 32 62 75
00026 - 06 29 42 49 62
00027 - 06 32 49 56 75
00028 - 08 19 20 32 56
00029 - 08 19 29 32 62
00030 - 08 19 29 32 75
00031 - 08 20 28 29 58
00032 - 08 20 42 49 75
00033 - 08 28 49 56 62
00034 - 08 32 42 58 75
00035 - 08 42 58 62 75
00036 - 19 20 28 42 62
00037 - 19 28 32 42 49
00038 - 19 28 42 56 75
00039 - 20 29 56 62 75
00040 - 20 32 49 58 62
00041 - 20 42 49 56 58
00042 - 28 29 32 56 58
00043 - 28 29 49 58 75