00001 - 09 13 14 30 34 45
00002 - 09 13 15 24 36 39
00003 - 09 13 19 22 30 34
00004 - 09 13 22 25 37 47
00005 - 09 14 15 34 36 37
00006 - 09 14 19 25 34 39
00007 - 09 14 22 24 34 47
00008 - 09 15 19 22 36 47
00009 - 09 15 25 30 36 45
00010 - 09 19 24 25 37 39
00011 - 09 19 24 30 37 45
00012 - 09 22 30 39 45 47
00013 - 13 14 15 19 30 47
00014 - 13 14 15 39 45 47
00015 - 13 14 19 25 37 45
00016 - 13 14 22 24 36 45
00017 - 13 15 19 22 30 39
00018 - 13 15 25 34 37 39
00019 - 13 19 24 34 36 47
00020 - 13 24 25 30 36 37
00021 - 14 15 19 22 24 25
00022 - 14 19 25 30 36 47
00023 - 14 22 24 30 37 39
00024 - 14 22 36 37 39 47
00025 - 15 19 22 34 37 45
00026 - 15 22 24 25 45 47
00027 - 15 24 30 34 36 45
00028 - 15 24 30 34 37 47
00029 - 19 36 37 39 45 47
00030 - 22 25 30 34 36 39
00031 - 24 25 34 39 45 47