00001 - 01 02 18 25 39
00002 - 01 02 31 75 79
00003 - 01 02 50 79 80
00004 - 01 03 05 08 21
00005 - 01 03 11 32 72
00006 - 01 03 19 44 66
00007 - 01 03 20 73 78
00008 - 01 03 26 38 73
00009 - 01 03 33 36 50
00010 - 01 04 07 10 25
00011 - 01 04 21 28 39
00012 - 01 04 21 39 65
00013 - 01 04 23 61 66
00014 - 01 04 24 43 70
00015 - 01 04 25 34 67
00016 - 01 04 27 73 77
00017 - 01 05 10 44 45
00018 - 01 05 11 32 49
00019 - 01 05 16 39 40
00020 - 01 05 20 27 69
00021 - 01 06 25 26 62
00022 - 01 06 39 48 59
00023 - 01 07 08 41 64
00024 - 01 07 11 18 73
00025 - 01 11 23 64 70
00026 - 01 11 48 61 69
00027 - 01 12 25 46 64
00028 - 01 12 42 44 59
00029 - 01 13 24 62 77
00030 - 01 13 42 51 53
00031 - 01 13 53 68 73
00032 - 01 14 24 39 63
00033 - 01 14 27 52 78
00034 - 01 14 28 30 38
00035 - 01 14 38 39 41
00036 - 01 14 40 48 66
00037 - 01 15 17 27 73
00038 - 01 15 25 64 70
00039 - 01 16 65 74 76
00040 - 01 17 20 34 77
00041 - 01 17 22 70 77
00042 - 01 17 42 62 77
00043 - 01 18 23 27 33
00044 - 01 18 25 29 47
00045 - 01 18 47 61 80
00046 - 01 20 58 60 70
00047 - 01 21 30 62 68
00048 - 01 21 33 72 73
00049 - 01 21 39 40 79
00050 - 01 22 35 69 73
00051 - 01 22 53 55 56
00052 - 01 24 34 38 69
00053 - 01 26 38 58 74
00054 - 01 26 56 59 65
00055 - 01 27 54 70 74
00056 - 01 28 42 66 67
00057 - 01 28 47 64 74
00058 - 01 28 59 69 77
00059 - 01 34 41 42 43
00060 - 01 34 61 66 71
00061 - 01 37 49 62 74
00062 - 01 41 67 68 80
00063 - 01 42 63 66 76
00064 - 02 03 26 41 80
00065 - 02 03 26 60 76
00066 - 02 03 27 48 68
00067 - 02 04 05 42 44
00068 - 02 04 31 51 76
00069 - 02 04 35 45 47
00070 - 02 05 18 35 44
00071 - 02 05 19 20 71
00072 - 02 05 54 59 68
00073 - 02 06 17 22 37
00074 - 02 07 16 46 61
00075 - 02 07 32 35 65
00076 - 02 07 49 58 60
00077 - 02 08 17 57 73
00078 - 02 08 20 63 64
00079 - 02 08 23 55 75
00080 - 02 08 52 54 72
00081 - 02 09 23 59 70
00082 - 02 09 23 78 80
00083 - 02 10 23 27 29
00084 - 02 11 13 32 57
00085 - 02 13 17 31 54
00086 - 02 14 26 31 33
00087 - 02 14 31 34 78
00088 - 02 14 53 59 75
00089 - 02 15 39 72 75
00090 - 02 16 26 50 75
00091 - 02 17 26 56 75
00092 - 02 17 32 60 77
00093 - 02 19 29 71 79
00094 - 02 19 59 77 79
00095 - 02 21 27 55 70
00096 - 02 21 42 60 75
00097 - 02 22 35 44 71
00098 - 02 23 35 43 72
00099 - 02 30 61 73 78
00100 - 02 32 43 56 70
00101 - 02 33 43 67 71
00102 - 02 33 62 65 80
00103 - 02 34 60 66 76
00104 - 02 35 42 50 64
00105 - 02 37 44 60 61
00106 - 02 46 48 50 76
00107 - 02 46 68 69 78
00108 - 02 56 63 67 78
00109 - 03 04 08 31 38
00110 - 03 04 20 23 74
00111 - 03 04 20 48 71
00112 - 03 04 29 74 77
00113 - 03 05 22 55 62
00114 - 03 05 37 46 74
00115 - 03 05 38 48 55
00116 - 03 05 53 60 78
00117 - 03 06 39 55 59
00118 - 03 07 08 77 80
00119 - 03 07 26 27 39
00120 - 03 08 09 36 76
00121 - 03 08 11 27 44
00122 - 03 08 16 34 43
00123 - 03 09 25 46 72
00124 - 03 10 24 36 64
00125 - 03 10 28 42 77
00126 - 03 10 40 52 60
00127 - 03 11 16 33 35
00128 - 03 12 15 59 77
00129 - 03 12 17 56 61
00130 - 03 12 20 30 79
00131 - 03 13 26 66 75
00132 - 03 13 36 59 63
00133 - 03 14 16 21 72
00134 - 03 14 19 45 67
00135 - 03 15 31 61 73
00136 - 03 15 33 45 72
00137 - 03 16 20 31 52
00138 - 03 16 26 70 75
00139 - 03 16 44 66 79
00140 - 03 17 24 27 35
00141 - 03 17 38 70 74
00142 - 03 18 48 52 57
00143 - 03 19 22 40 54
00144 - 03 20 21 24 31
00145 - 03 20 41 66 69
00146 - 03 21 23 70 78
00147 - 03 24 39 62 72
00148 - 03 24 54 63 69
00149 - 03 27 29 57 61
00150 - 03 27 44 65 68
00151 - 03 28 35 46 55
00152 - 03 30 42 58 59
00153 - 03 32 33 53 57
00154 - 03 32 37 49 57
00155 - 03 35 38 67 69
00156 - 03 35 41 75 77
00157 - 03 41 67 73 80
00158 - 03 44 61 62 70
00159 - 03 50 67 68 75
00160 - 04 05 20 34 79
00161 - 04 05 28 41 73
00162 - 04 05 32 59 67
00163 - 04 05 40 41 49
00164 - 04 06 12 25 44
00165 - 04 06 15 19 47
00166 - 04 07 12 26 49
00167 - 04 07 16 20 76
00168 - 04 07 16 32 67
00169 - 04 07 24 50 51
00170 - 04 07 57 66 69
00171 - 04 08 52 60 64
00172 - 04 09 11 25 42
00173 - 04 09 16 42 50
00174 - 04 11 18 39 61
00175 - 04 11 26 34 39
00176 - 04 11 32 48 65
00177 - 04 12 30 32 48
00178 - 04 12 30 72 75
00179 - 04 13 17 51 54
00180 - 04 14 22 26 71
00181 - 04 14 29 30 60
00182 - 04 14 38 45 75
00183 - 04 14 39 51 66
00184 - 04 15 48 67 74
00185 - 04 16 38 62 65
00186 - 04 16 41 59 75
00187 - 04 16 56 63 71
00188 - 04 17 22 48 54
00189 - 04 18 20 50 59
00190 - 04 19 59 71 75
00191 - 04 21 23 25 71
00192 - 04 21 26 49 63
00193 - 04 21 54 66 76
00194 - 04 22 42 54 61
00195 - 04 22 51 70 72
00196 - 04 27 46 70 75
00197 - 04 29 31 39 74
00198 - 04 30 31 45 49
00199 - 04 30 41 46 72
00200 - 04 31 32 65 72
00201 - 04 31 52 67 73
00202 - 04 33 36 59 75
00203 - 04 35 57 65 71
00204 - 04 36 42 69 79
00205 - 04 37 54 59 63
00206 - 04 38 49 61 64
00207 - 04 40 44 60 69
00208 - 04 45 56 64 76
00209 - 04 52 59 66 80
00210 - 05 06 28 33 79
00211 - 05 06 43 61 74
00212 - 05 06 56 69 71
00213 - 05 07 10 17 39
00214 - 05 07 10 20 64
00215 - 05 07 38 41 48
00216 - 05 08 12 70 73
00217 - 05 08 13 25 50
00218 - 05 09 29 32 43
00219 - 05 10 57 66 72
00220 - 05 10 59 68 75
00221 - 05 12 20 46 80
00222 - 05 13 15 33 36
00223 - 05 14 40 44 74
00224 - 05 14 47 58 70
00225 - 05 16 22 40 59
00226 - 05 16 39 42 51
00227 - 05 16 43 45 80
00228 - 05 17 43 49 63
00229 - 05 18 23 53 66
00230 - 05 18 44 60 74
00231 - 05 19 42 45 69
00232 - 05 21 22 30 33
00233 - 05 21 42 46 52
00234 - 05 22 61 74 76
00235 - 05 24 48 69 73
00236 - 05 26 44 62 77
00237 - 05 29 36 63 76
00238 - 05 29 41 74 79
00239 - 05 31 43 58 77
00240 - 05 32 47 63 68
00241 - 05 33 53 54 70
00242 - 05 33 65 66 76
00243 - 05 35 57 64 73
00244 - 05 36 38 41 63
00245 - 05 36 52 61 75
00246 - 05 39 48 65 72
00247 - 05 45 57 60 67
00248 - 06 07 11 37 66
00249 - 06 07 16 44 49
00250 - 06 07 19 46 78
00251 - 06 07 25 49 64
00252 - 06 09 39 56 57
00253 - 06 10 19 23 46
00254 - 06 10 22 23 80
00255 - 06 10 34 38 43
00256 - 06 12 14 40 56
00257 - 06 12 23 32 55
00258 - 06 14 51 66 78
00259 - 06 14 64 69 71
00260 - 06 16 17 34 49
00261 - 06 16 22 41 76
00262 - 06 18 21 24 67
00263 - 06 18 55 57 60
00264 - 06 18 55 76 77
00265 - 06 19 29 41 67
00266 - 06 19 48 58 77
00267 - 06 20 23 64 77
00268 - 06 21 24 49 69
00269 - 06 22 58 71 80
00270 - 06 23 25 50 79
00271 - 06 23 26 46 63
00272 - 06 25 32 52 69
00273 - 06 25 57 61 75
00274 - 06 27 30 49 52
00275 - 06 29 35 64 65
00276 - 06 30 38 41 78
00277 - 06 31 32 51 79
00278 - 06 31 32 69 76
00279 - 06 32 34 43 51
00280 - 06 32 47 73 74
00281 - 06 49 59 60 65
00282 - 07 08 68 72 74
00283 - 07 09 19 27 80
00284 - 07 09 47 59 66
00285 - 07 09 52 59 70
00286 - 07 10 20 42 45
00287 - 07 10 30 64 74
00288 - 07 11 14 26 48
00289 - 07 11 29 50 51
00290 - 07 11 44 49 56
00291 - 07 12 40 60 61
00292 - 07 12 49 51 76
00293 - 07 13 16 37 51
00294 - 07 13 54 63 76
00295 - 07 14 41 55 80
00296 - 07 14 51 59 77
00297 - 07 15 22 59 78
00298 - 07 15 33 55 71
00299 - 07 16 30 41 72
00300 - 07 17 45 58 76
00301 - 07 18 29 57 65
00302 - 07 18 36 59 64
00303 - 07 18 45 72 79
00304 - 07 19 45 75 77
00305 - 07 22 23 59 76
00306 - 07 23 45 49 67
00307 - 07 23 46 72 79
00308 - 07 24 28 34 80
00309 - 07 24 30 36 57
00310 - 07 25 27 46 53
00311 - 07 25 60 74 79
00312 - 07 27 31 62 76
00313 - 07 31 39 47 70
00314 - 07 41 48 57 58
00315 - 07 41 58 75 77
00316 - 07 44 46 50 67
00317 - 07 46 48 56 58
00318 - 07 47 70 74 80
00319 - 08 09 16 28 75
00320 - 08 10 32 43 52
00321 - 08 10 48 54 67
00322 - 08 11 39 59 77
00323 - 08 13 21 37 80
00324 - 08 14 15 28 71
00325 - 08 14 21 24 77
00326 - 08 14 26 36 64
00327 - 08 15 25 30 40
00328 - 08 15 44 50 61
00329 - 08 15 49 60 71
00330 - 08 16 35 63 80
00331 - 08 16 54 73 77
00332 - 08 20 27 38 46
00333 - 08 24 25 52 74
00334 - 08 25 35 61 79
00335 - 08 26 29 35 77
00336 - 08 26 65 78 79
00337 - 08 26 73 74 78
00338 - 08 28 62 68 71
00339 - 08 29 34 69 75
00340 - 08 33 34 70 75
00341 - 08 33 35 40 58
00342 - 08 34 56 74 77
00343 - 08 34 58 59 60
00344 - 08 39 48 74 79
00345 - 08 41 46 52 69
00346 - 08 41 58 60 77
00347 - 08 44 55 63 71
00348 - 08 47 54 59 70
00349 - 08 49 59 61 71
00350 - 08 51 53 61 80
00351 - 09 10 11 43 58
00352 - 09 10 17 63 75
00353 - 09 10 20 21 39
00354 - 09 10 53 54 75
00355 - 09 11 15 37 76
00356 - 09 11 48 51 60
00357 - 09 12 14 26 72
00358 - 09 12 17 23 46
00359 - 09 12 28 52 79
00360 - 09 13 18 71 73
00361 - 09 13 29 49 74
00362 - 09 13 45 60 72
00363 - 09 14 25 53 65
00364 - 09 14 27 30 32
00365 - 09 14 29 50 58
00366 - 09 16 39 64 80
00367 - 09 17 33 35 77
00368 - 09 18 21 33 76
00369 - 09 19 25 27 54
00370 - 09 19 28 50 68
00371 - 09 20 25 33 73
00372 - 09 21 51 59 70
00373 - 09 22 36 57 62
00374 - 09 23 24 32 58
00375 - 09 26 27 44 50
00376 - 09 26 34 64 80
00377 - 09 26 36 47 65
00378 - 09 27 44 62 75
00379 - 09 28 32 37 58
00380 - 09 28 39 43 46
00381 - 09 28 66 78 80
00382 - 09 30 35 37 65
00383 - 09 30 38 58 61
00384 - 09 30 49 61 71
00385 - 09 32 42 66 71
00386 - 09 38 50 67 71
00387 - 09 41 44 45 76
00388 - 09 42 46 62 72
00389 - 09 45 51 52 61
00390 - 09 52 54 60 72
00391 - 09 57 76 78 79
00392 - 10 11 13 39 57
00393 - 10 11 27 44 51
00394 - 10 13 14 57 72
00395 - 10 13 17 25 27
00396 - 10 13 41 55 71
00397 - 10 13 42 48 80
00398 - 10 15 23 44 47
00399 - 10 16 26 35 77
00400 - 10 16 57 64 72
00401 - 10 18 30 33 57
00402 - 10 18 30 49 63
00403 - 10 18 55 60 67
00404 - 10 19 23 51 62
00405 - 10 21 23 24 68
00406 - 10 21 36 41 80
00407 - 10 22 28 29 30
00408 - 10 23 24 41 50
00409 - 10 23 33 34 47
00410 - 10 23 36 56 57
00411 - 10 27 31 40 62
00412 - 10 27 56 57 60
00413 - 10 28 46 65 70
00414 - 10 30 39 47 75
00415 - 10 30 40 43 70
00416 - 10 38 42 67 70
00417 - 10 39 48 51 66
00418 - 10 43 65 67 77
00419 - 10 45 54 57 66
00420 - 11 13 28 43 44
00421 - 11 13 31 40 62
00422 - 11 14 24 55 63
00423 - 11 14 29 51 67
00424 - 11 15 31 36 47
00425 - 11 15 48 79 80
00426 - 11 15 59 63 69
00427 - 11 16 17 46 48
00428 - 11 16 32 69 77
00429 - 11 16 49 58 63
00430 - 11 17 25 54 71
00431 - 11 19 28 34 79
00432 - 11 22 53 71 80
00433 - 11 24 33 39 65
00434 - 11 25 36 38 50
00435 - 11 26 43 44 47
00436 - 11 29 62 73 76
00437 - 11 29 71 73 75
00438 - 11 31 42 58 64
00439 - 11 31 47 65 71
00440 - 11 32 40 48 71
00441 - 11 36 49 61 72
00442 - 11 37 47 48 76
00443 - 11 40 43 52 54
00444 - 11 41 50 55 62
00445 - 11 51 60 61 78
00446 - 12 13 17 37 59
00447 - 12 14 41 74 79
00448 - 12 16 59 62 74
00449 - 12 17 20 52 71
00450 - 12 17 34 66 80
00451 - 12 17 41 43 46
00452 - 12 18 21 51 55
00453 - 12 18 30 54 78
00454 - 12 20 26 48 65
00455 - 12 22 36 60 75
00456 - 12 22 40 65 80
00457 - 12 23 39 52 78
00458 - 12 24 26 44 70
00459 - 12 24 40 58 69
00460 - 12 25 29 48 79
00461 - 12 26 38 39 52
00462 - 12 26 39 63 72
00463 - 12 27 48 53 77
00464 - 12 29 55 60 77
00465 - 12 30 33 54 67
00466 - 12 32 33 38 48
00467 - 12 32 66 70 75
00468 - 12 33 41 46 79
00469 - 12 34 40 56 66
00470 - 12 38 52 73 74
00471 - 12 38 71 77 80
00472 - 12 40 68 69 76
00473 - 12 45 48 58 74
00474 - 12 49 50 64 79
00475 - 12 52 57 66 79
00476 - 13 14 27 50 63
00477 - 13 15 42 44 52
00478 - 13 16 17 70 76
00479 - 13 17 20 58 70
00480 - 13 17 25 29 78
00481 - 13 18 30 62 71
00482 - 13 19 36 41 75
00483 - 13 20 34 42 54
00484 - 13 20 44 52 61
00485 - 13 21 26 44 56
00486 - 13 21 33 47 68
00487 - 13 23 31 36 45
00488 - 13 23 35 37 49
00489 - 13 23 36 54 68
00490 - 13 26 27 69 75
00491 - 13 26 32 40 75
00492 - 13 27 56 64 72
00493 - 13 29 30 63 67
00494 - 13 29 41 46 69
00495 - 13 29 46 74 78
00496 - 13 30 33 56 74
00497 - 13 50 51 55 59
00498 - 13 55 65 70 80
00499 - 13 58 59 69 76
00500 - 14 15 19 44 45
00501 - 14 17 32 37 62
00502 - 14 17 53 66 68
00503 - 14 18 59 72 79
00504 - 14 19 23 40 65
00505 - 14 20 56 65 76
00506 - 14 21 45 69 77
00507 - 14 22 26 33 43
00508 - 14 22 32 36 80
00509 - 14 22 61 70 74
00510 - 14 25 28 60 65
00511 - 14 28 29 62 74
00512 - 14 29 40 62 63
00513 - 14 35 57 64 75
00514 - 14 39 58 67 79
00515 - 15 16 32 49 78
00516 - 15 17 29 47 72
00517 - 15 18 19 33 78
00518 - 15 19 20 61 78
00519 - 15 19 35 55 78
00520 - 15 19 40 53 80
00521 - 15 19 45 55 63
00522 - 15 20 26 54 58
00523 - 15 20 57 69 73
00524 - 15 22 50 69 76
00525 - 15 23 26 54 75
00526 - 15 23 37 52 64
00527 - 15 25 34 36 44
00528 - 15 26 39 59 76
00529 - 15 26 51 59 70
00530 - 15 26 57 66 68
00531 - 15 27 48 50 60
00532 - 15 31 35 42 45
00533 - 15 31 37 39 80
00534 - 15 31 41 75 80
00535 - 15 34 35 36 80
00536 - 15 34 35 45 64
00537 - 15 36 46 58 77
00538 - 15 37 39 59 64
00539 - 15 41 58 77 80
00540 - 15 49 67 74 77
00541 - 15 54 57 65 67
00542 - 16 17 27 28 46
00543 - 16 17 27 31 54
00544 - 16 17 34 35 51
00545 - 16 20 26 56 79
00546 - 16 20 41 62 75
00547 - 16 22 48 63 75
00548 - 16 24 59 70 76
00549 - 16 25 31 32 33
00550 - 16 27 50 63 74
00551 - 16 27 68 70 79
00552 - 16 27 69 73 77
00553 - 16 30 35 37 60
00554 - 16 32 56 64 77
00555 - 16 33 35 42 49
00556 - 16 39 52 54 64
00557 - 16 39 54 56 80
00558 - 16 42 45 67 69
00559 - 16 48 59 66 79
00560 - 16 57 62 64 78
00561 - 17 18 39 43 53
00562 - 17 18 48 57 59
00563 - 17 19 34 51 65
00564 - 17 19 43 50 72
00565 - 17 20 66 75 76
00566 - 17 21 43 59 68
00567 - 17 22 29 34 45
00568 - 17 24 44 48 58
00569 - 17 24 46 70 77
00570 - 17 24 74 76 78
00571 - 17 25 32 36 67
00572 - 17 26 53 55 69
00573 - 17 26 62 65 73
00574 - 17 27 43 48 52
00575 - 17 27 53 64 77
00576 - 17 28 33 51 55
00577 - 17 41 47 54 70
00578 - 17 43 46 57 64
00579 - 18 19 38 39 65
00580 - 18 20 25 38 45
00581 - 18 20 33 53 70
00582 - 18 20 34 54 58
00583 - 18 20 35 73 76
00584 - 18 20 39 47 74
00585 - 18 21 28 64 68
00586 - 18 22 36 42 76
00587 - 18 22 44 54 69
00588 - 18 24 51 54 57
00589 - 18 26 27 44 79
00590 - 18 27 45 49 59
00591 - 18 28 30 43 46
00592 - 18 29 47 62 69
00593 - 18 29 53 63 73
00594 - 18 32 41 69 73
00595 - 18 33 54 60 63
00596 - 18 38 40 43 71
00597 - 18 38 58 61 79
00598 - 18 40 43 45 69
00599 - 18 40 53 62 78
00600 - 18 44 56 63 72
00601 - 18 46 55 64 71
00602 - 18 51 52 68 70
00603 - 18 53 55 59 80
00604 - 18 59 69 72 78
00605 - 19 20 53 54 78
00606 - 19 20 61 65 80
00607 - 19 21 40 43 70
00608 - 19 22 45 56 68
00609 - 19 22 56 70 71
00610 - 19 24 44 54 65
00611 - 19 25 33 42 74
00612 - 19 26 33 67 71
00613 - 19 27 29 31 45
00614 - 19 28 30 36 40
00615 - 19 29 62 67 73
00616 - 19 30 32 52 53
00617 - 19 34 49 62 66
00618 - 19 35 36 40 80
00619 - 19 37 42 48 52
00620 - 19 40 41 62 72
00621 - 19 40 45 59 65
00622 - 20 21 27 39 53
00623 - 20 21 63 68 76
00624 - 20 22 46 52 70
00625 - 20 22 51 56 64
00626 - 20 23 46 76 79
00627 - 20 32 34 49 72
00628 - 20 33 41 59 76
00629 - 20 40 68 73 76
00630 - 20 50 61 69 75
00631 - 20 60 63 68 75
00632 - 21 23 26 35 46
00633 - 21 24 28 33 65
00634 - 21 24 40 59 79
00635 - 21 24 64 71 73
00636 - 21 25 53 59 76
00637 - 21 26 27 35 53
00638 - 21 26 58 61 79
00639 - 21 28 46 71 79
00640 - 21 29 61 69 70
00641 - 21 30 43 54 75
00642 - 21 32 33 46 65
00643 - 21 33 60 70 77
00644 - 21 36 37 45 69
00645 - 21 38 43 45 73
00646 - 21 40 57 64 68
00647 - 21 47 52 75 76
00648 - 21 49 59 62 80
00649 - 22 23 44 61 68
00650 - 22 25 33 62 68
00651 - 22 26 36 59 64
00652 - 22 27 29 58 70
00653 - 22 27 49 56 58
00654 - 22 34 35 42 56
00655 - 22 34 50 54 69
00656 - 22 35 54 56 69
00657 - 22 39 49 66 74
00658 - 22 48 53 60 73
00659 - 22 48 61 79 80
00660 - 23 27 58 63 78
00661 - 23 27 62 70 72
00662 - 23 28 42 51 52
00663 - 23 29 33 41 73
00664 - 23 30 32 33 46
00665 - 23 30 46 50 54
00666 - 23 33 40 62 63
00667 - 23 34 40 55 61
00668 - 23 37 38 44 45
00669 - 23 39 52 56 78
00670 - 23 40 48 52 79
00671 - 23 41 44 66 67
00672 - 23 43 66 67 70
00673 - 23 46 48 55 71
00674 - 23 46 52 77 80
00675 - 23 51 62 74 75
00676 - 23 57 64 65 71
00677 - 24 25 27 32 63
00678 - 24 25 48 57 63
00679 - 24 28 47 62 80
00680 - 24 28 59 70 71
00681 - 24 36 51 59 61
00682 - 24 37 38 68 70
00683 - 24 43 58 66 69
00684 - 24 45 47 62 79
00685 - 24 57 63 69 74
00686 - 25 28 29 41 43
00687 - 25 29 55 78 80
00688 - 25 29 58 61 68
00689 - 25 31 37 44 68
00690 - 25 31 46 74 80
00691 - 25 31 52 65 73
00692 - 25 32 46 64 72
00693 - 25 32 61 76 78
00694 - 25 33 51 59 61
00695 - 25 34 38 40 48
00696 - 25 35 39 75 77
00697 - 25 40 49 64 66
00698 - 25 40 63 73 75
00699 - 25 44 47 59 74
00700 - 25 45 52 67 78
00701 - 25 45 61 72 75
00702 - 25 47 49 60 73
00703 - 25 56 58 60 79
00704 - 26 28 41 61 78
00705 - 26 30 50 55 63
00706 - 26 32 39 40 43
00707 - 26 33 35 69 77
00708 - 27 30 45 49 55
00709 - 27 35 41 48 62
00710 - 27 36 52 58 78
00711 - 27 39 40 67 68
00712 - 27 39 53 63 66
00713 - 27 48 52 70 74
00714 - 27 52 53 70 75
00715 - 27 59 60 68 75
00716 - 28 31 36 54 58
00717 - 28 31 48 67 77
00718 - 28 32 54 77 80
00719 - 28 36 39 69 78
00720 - 28 36 43 47 59
00721 - 28 37 41 47 63
00722 - 28 39 47 51 70
00723 - 28 41 62 75 80
00724 - 28 43 49 60 76
00725 - 28 50 52 67 68
00726 - 29 31 38 42 72
00727 - 29 31 61 67 79
00728 - 29 33 41 48 74
00729 - 29 40 49 63 67
00730 - 29 52 65 66 73
00731 - 29 53 59 71 77
00732 - 30 32 41 42 78
00733 - 30 32 41 66 76
00734 - 30 33 51 72 75
00735 - 30 34 47 66 79
00736 - 30 36 42 45 64
00737 - 30 37 66 67 80
00738 - 30 43 56 64 72
00739 - 31 36 41 42 49
00740 - 31 41 42 64 80
00741 - 31 46 58 63 73
00742 - 31 47 58 60 68
00743 - 31 49 51 54 77
00744 - 31 49 64 70 78
00745 - 32 33 59 60 63
00746 - 32 41 58 61 73
00747 - 32 47 67 77 78
00748 - 33 35 39 69 79
00749 - 33 36 39 49 70
00750 - 33 39 55 62 77
00751 - 33 41 42 46 69
00752 - 33 42 47 53 74
00753 - 33 48 61 69 79
00754 - 34 35 51 62 75
00755 - 34 39 51 72 78
00756 - 34 43 53 61 70
00757 - 34 45 52 55 66
00758 - 34 56 57 73 75
00759 - 34 56 65 67 70
00760 - 35 39 50 71 73
00761 - 35 43 55 58 64
00762 - 35 46 55 56 75
00763 - 35 55 68 69 78
00764 - 35 59 62 67 78
00765 - 35 62 64 69 80
00766 - 35 62 70 76 79
00767 - 36 39 43 50 55
00768 - 36 45 48 70 71
00769 - 36 46 56 74 80
00770 - 36 51 53 71 72
00771 - 37 40 50 54 59
00772 - 37 42 49 56 69
00773 - 37 43 50 60 77
00774 - 37 43 69 73 74
00775 - 37 44 70 71 75
00776 - 37 48 61 62 79
00777 - 37 51 55 65 79
00778 - 38 49 57 58 60
00779 - 39 50 58 60 76
00780 - 39 56 65 75 77
00781 - 39 59 64 76 78
00782 - 40 41 42 44 70
00783 - 40 43 46 60 71
00784 - 40 43 51 63 80
00785 - 40 52 58 67 80
00786 - 40 58 62 66 71
00787 - 41 42 45 47 77
00788 - 41 48 59 62 64
00789 - 41 50 57 62 72
00790 - 41 61 65 69 75
00791 - 42 44 45 63 72
00792 - 42 45 50 56 78
00793 - 42 46 52 53 77
00794 - 42 47 55 72 80
00795 - 42 59 61 68 73
00796 - 43 47 52 58 60
00797 - 43 49 50 67 80
00798 - 45 48 65 66 68
00799 - 45 49 61 68 80
00800 - 46 49 55 64 74
00801 - 46 51 52 67 75
00802 - 46 51 52 76 78
00803 - 46 51 62 76 78
00804 - 47 51 60 62 74
00805 - 48 57 63 72 78
00806 - 50 53 54 57 62
00807 - 50 67 71 72 76
00808 - 54 57 59 71 76
00809 - 58 60 67 77 78
00810 - 64 70 71 73 78