00001 - 07 09 10 35 36 44
00002 - 07 09 22 33 41 43
00003 - 07 09 23 29 35 36
00004 - 07 09 29 34 42 48
00005 - 07 10 22 36 41 42
00006 - 07 10 23 34 36 43
00007 - 07 10 29 33 36 48
00008 - 07 22 23 29 41 48
00009 - 07 22 34 35 41 44
00010 - 07 23 33 34 42 43
00011 - 07 23 33 35 42 44
00012 - 07 29 35 43 44 48
00013 - 09 10 22 23 35 48
00014 - 09 10 22 43 44 48
00015 - 09 10 23 34 42 44
00016 - 09 10 29 33 41 44
00017 - 09 22 23 29 35 43
00018 - 09 22 34 36 42 43
00019 - 09 23 33 36 41 48
00020 - 09 33 34 35 41 42
00021 - 10 22 23 29 33 34
00022 - 10 23 34 35 41 48
00023 - 10 29 33 35 42 43
00024 - 10 29 41 42 43 48
00025 - 22 23 29 36 42 44
00026 - 22 29 33 34 44 48
00027 - 22 33 35 36 41 44
00028 - 22 33 35 36 42 48
00029 - 23 41 42 43 44 48
00030 - 29 34 35 36 41 43
00031 - 33 34 36 43 44 48
