00001 - 04 07 08 10 64
00002 - 04 07 09 64 67
00003 - 04 07 11 15 17
00004 - 04 07 15 58 79
00005 - 04 07 18 29 35
00006 - 04 07 22 31 37
00007 - 04 07 23 28 33
00008 - 04 07 38 58 63
00009 - 04 07 40 47 60
00010 - 04 07 45 55 62
00011 - 04 08 09 10 62
00012 - 04 08 11 35 62
00013 - 04 08 15 67 79
00014 - 04 08 17 22 62
00015 - 04 08 17 33 40
00016 - 04 08 18 58 60
00017 - 04 08 23 29 31
00018 - 04 08 28 55 63
00019 - 04 08 37 45 47
00020 - 04 08 38 40 58
00021 - 04 09 10 22 40
00022 - 04 09 10 37 55
00023 - 04 09 11 18 31
00024 - 04 09 15 17 60
00025 - 04 09 15 45 63
00026 - 04 09 23 38 64
00027 - 04 09 28 58 67
00028 - 04 09 29 37 79
00029 - 04 09 33 35 47
00030 - 04 10 11 23 60
00031 - 04 10 15 18 55
00032 - 04 10 17 31 63
00033 - 04 10 17 63 67
00034 - 04 10 28 35 79
00035 - 04 10 29 38 47
00036 - 04 10 33 45 58
00037 - 04 11 18 47 79
00038 - 04 11 22 28 45
00039 - 04 11 28 37 67
00040 - 04 11 29 33 63
00041 - 04 11 37 58 64
00042 - 04 11 38 40 55
00043 - 04 11 45 62 67
00044 - 04 15 22 38 79
00045 - 04 15 23 35 58
00046 - 04 15 28 47 64
00047 - 04 15 29 33 67
00048 - 04 15 29 37 40
00049 - 04 15 31 33 62
00050 - 04 17 18 28 38
00051 - 04 17 23 35 37
00052 - 04 17 23 55 79
00053 - 04 17 29 45 64
00054 - 04 17 47 58 62
00055 - 04 18 22 33 64
00056 - 04 18 23 40 45
00057 - 04 18 31 47 67
00058 - 04 18 37 62 63
00059 - 04 22 23 47 63
00060 - 04 22 29 55 58
00061 - 04 22 35 60 67
00062 - 04 23 38 62 67
00063 - 04 23 40 55 67
00064 - 04 28 29 60 62
00065 - 04 28 31 40 58
00066 - 04 31 35 38 45
00067 - 04 31 45 60 79
00068 - 04 31 55 60 64
00069 - 04 33 35 47 55
00070 - 04 33 37 38 60
00071 - 04 33 60 63 79
00072 - 04 35 40 63 64
00073 - 04 40 62 64 79
00074 - 07 08 09 17 58
00075 - 07 08 11 28 60
00076 - 07 08 15 18 62
00077 - 07 08 22 55 79
00078 - 07 08 23 45 63
00079 - 07 08 29 33 37
00080 - 07 08 31 40 67
00081 - 07 08 35 38 47
00082 - 07 09 10 23 29
00083 - 07 09 11 22 45
00084 - 07 09 15 23 47
00085 - 07 09 15 28 55
00086 - 07 09 18 33 38
00087 - 07 09 31 40 55
00088 - 07 09 35 38 67
00089 - 07 09 37 60 63
00090 - 07 09 62 67 79
00091 - 07 10 11 31 38
00092 - 07 10 15 33 47
00093 - 07 10 17 29 55
00094 - 07 10 18 40 63
00095 - 07 10 18 45 67
00096 - 07 10 22 23 35
00097 - 07 10 28 58 62
00098 - 07 10 37 60 79
00099 - 07 11 18 33 58
00100 - 07 11 22 29 40
00101 - 07 11 23 37 62
00102 - 07 11 29 67 79
00103 - 07 11 35 45 64
00104 - 07 11 47 55 63
00105 - 07 15 22 23 67
00106 - 07 15 23 29 38
00107 - 07 15 31 35 60
00108 - 07 15 37 63 64
00109 - 07 15 40 45 58
00110 - 07 17 18 37 47
00111 - 07 17 22 58 67
00112 - 07 17 23 40 64
00113 - 07 17 28 35 63
00114 - 07 17 31 33 45
00115 - 07 17 33 40 79
00116 - 07 17 38 60 62
00117 - 07 18 22 31 79
00118 - 07 18 23 55 60
00119 - 07 18 28 31 64
00120 - 07 22 28 29 38
00121 - 07 22 33 60 63
00122 - 07 22 47 62 64
00123 - 07 23 31 47 58
00124 - 07 23 63 67 79
00125 - 07 28 29 47 67
00126 - 07 28 37 38 40
00127 - 07 28 45 47 79
00128 - 07 29 31 62 63
00129 - 07 29 38 45 55
00130 - 07 29 58 60 64
00131 - 07 33 35 40 62
00132 - 07 33 55 64 67
00133 - 07 35 37 55 58
00134 - 07 35 38 64 79
00135 - 07 37 45 60 67
00136 - 08 09 10 18 28
00137 - 08 09 11 40 63
00138 - 08 09 15 22 38
00139 - 08 09 18 28 45
00140 - 08 09 23 33 79
00141 - 08 09 29 35 79
00142 - 08 09 31 47 60
00143 - 08 09 37 62 64
00144 - 08 09 45 55 67
00145 - 08 10 11 33 55
00146 - 08 10 15 35 40
00147 - 08 10 15 38 67
00148 - 08 10 17 23 47
00149 - 08 10 18 45 79
00150 - 08 10 22 29 60
00151 - 08 10 31 37 58
00152 - 08 10 38 62 63
00153 - 08 11 15 31 45
00154 - 08 11 17 37 38
00155 - 08 11 18 22 23
00156 - 08 11 18 60 67
00157 - 08 11 29 47 64
00158 - 08 11 58 63 79
00159 - 08 15 17 29 63
00160 - 08 15 23 28 37
00161 - 08 15 33 60 64
00162 - 08 15 47 55 58
00163 - 08 17 18 31 35
00164 - 08 17 23 33 67
00165 - 08 17 28 64 79
00166 - 08 17 45 55 60
00167 - 08 18 29 38 55
00168 - 08 18 33 47 63
00169 - 08 18 37 40 64
00170 - 08 22 28 40 47
00171 - 08 22 31 63 64
00172 - 08 22 33 35 45
00173 - 08 22 37 63 67
00174 - 08 22 47 58 67
00175 - 08 23 33 58 62
00176 - 08 23 35 55 64
00177 - 08 23 38 40 60
00178 - 08 28 29 35 58
00179 - 08 28 31 33 38
00180 - 08 28 62 64 67
00181 - 08 29 33 38 79
00182 - 08 29 35 62 67
00183 - 08 29 40 45 62
00184 - 08 31 55 62 79
00185 - 08 35 37 60 63
00186 - 08 37 40 55 79
00187 - 08 38 45 58 64
00188 - 08 47 60 62 79
00189 - 09 10 11 15 58
00190 - 09 10 17 31 79
00191 - 09 10 28 45 60
00192 - 09 10 33 60 67
00193 - 09 10 35 37 45
00194 - 09 10 38 55 79
00195 - 09 10 47 63 64
00196 - 09 11 17 33 62
00197 - 09 11 23 35 67
00198 - 09 11 28 37 79
00199 - 09 11 29 38 60
00200 - 09 11 38 45 64
00201 - 09 11 47 55 67
00202 - 09 15 17 28 40
00203 - 09 15 18 62 67
00204 - 09 15 29 33 55
00205 - 09 15 31 64 79
00206 - 09 15 35 40 60
00207 - 09 15 37 64 67
00208 - 09 17 18 29 64
00209 - 09 17 22 31 67
00210 - 09 17 23 45 62
00211 - 09 17 28 35 62
00212 - 09 17 33 55 63
00213 - 09 17 37 38 47
00214 - 09 18 22 35 55
00215 - 09 18 23 29 63
00216 - 09 18 37 58 67
00217 - 09 18 40 47 62
00218 - 09 18 40 60 79
00219 - 09 22 23 37 55
00220 - 09 22 28 33 64
00221 - 09 22 29 60 62
00222 - 09 22 47 58 79
00223 - 09 22 55 62 63
00224 - 09 23 28 31 60
00225 - 09 23 29 40 58
00226 - 09 28 29 45 47
00227 - 09 28 38 63 67
00228 - 09 29 31 37 67
00229 - 09 31 33 45 58
00230 - 09 31 35 58 63
00231 - 09 31 38 58 62
00232 - 09 33 37 38 40
00233 - 09 35 40 64 67
00234 - 09 40 45 63 79
00235 - 09 55 58 60 64
00236 - 10 11 15 22 63
00237 - 10 11 17 35 58
00238 - 10 11 18 29 37
00239 - 10 11 28 40 64
00240 - 10 11 31 64 67
00241 - 10 11 33 64 79
00242 - 10 11 45 47 62
00243 - 10 15 17 37 62
00244 - 10 15 23 45 64
00245 - 10 15 28 29 31
00246 - 10 15 38 58 60
00247 - 10 15 62 63 79
00248 - 10 17 18 60 64
00249 - 10 17 22 28 33
00250 - 10 17 38 40 45
00251 - 10 18 22 47 58
00252 - 10 18 23 31 62
00253 - 10 18 33 35 38
00254 - 10 22 23 40 79
00255 - 10 22 31 45 55
00256 - 10 22 37 38 64
00257 - 10 22 40 62 67
00258 - 10 23 28 38 55
00259 - 10 23 29 58 67
00260 - 10 23 33 37 63
00261 - 10 28 35 37 67
00262 - 10 28 47 60 63
00263 - 10 29 33 62 64
00264 - 10 29 35 45 63
00265 - 10 29 40 58 79
00266 - 10 31 33 40 60
00267 - 10 31 35 47 64
00268 - 10 35 55 60 62
00269 - 10 37 40 47 55
00270 - 10 47 55 67 79
00271 - 10 55 58 63 64
00272 - 11 15 17 67 79
00273 - 11 15 18 38 64
00274 - 11 15 23 40 47
00275 - 11 15 28 33 35
00276 - 11 15 29 58 62
00277 - 11 15 37 55 60
00278 - 11 17 18 45 63
00279 - 11 17 22 55 64
00280 - 11 17 23 28 29
00281 - 11 17 31 40 62
00282 - 11 17 33 47 60
00283 - 11 18 28 55 62
00284 - 11 18 35 40 60
00285 - 11 22 31 58 60
00286 - 11 22 33 38 67
00287 - 11 22 35 37 47
00288 - 11 22 38 62 79
00289 - 11 23 31 33 64
00290 - 11 23 31 47 79
00291 - 11 23 35 38 63
00292 - 11 23 45 55 58
00293 - 11 28 31 37 63
00294 - 11 28 38 47 58
00295 - 11 29 31 35 55
00296 - 11 29 45 60 79
00297 - 11 33 37 40 45
00298 - 11 35 40 55 79
00299 - 11 40 58 63 67
00300 - 11 60 62 63 64
00301 - 15 17 18 23 33
00302 - 15 17 22 45 47
00303 - 15 17 31 58 64
00304 - 15 17 35 38 55
00305 - 15 18 22 31 40
00306 - 15 18 28 58 63
00307 - 15 18 29 37 45
00308 - 15 18 29 47 60
00309 - 15 18 35 37 79
00310 - 15 22 23 60 62
00311 - 15 22 28 55 67
00312 - 15 22 29 35 64
00313 - 15 22 33 37 58
00314 - 15 23 28 60 79
00315 - 15 23 31 55 63
00316 - 15 28 38 45 62
00317 - 15 29 31 67 79
00318 - 15 31 37 38 47
00319 - 15 33 38 40 63
00320 - 15 33 45 55 79
00321 - 15 35 45 58 67
00322 - 15 35 47 62 63
00323 - 15 40 47 67 79
00324 - 15 40 55 62 64
00325 - 15 45 60 63 67
00326 - 17 18 22 29 67
00327 - 17 18 29 62 79
00328 - 17 18 35 45 67
00329 - 17 18 40 55 58
00330 - 17 22 23 31 38
00331 - 17 22 35 60 79
00332 - 17 22 37 40 63
00333 - 17 23 58 60 63
00334 - 17 23 62 63 64
00335 - 17 28 31 47 55
00336 - 17 28 37 45 58
00337 - 17 28 40 60 67
00338 - 17 29 31 37 60
00339 - 17 29 33 38 58
00340 - 17 29 35 40 47
00341 - 17 33 35 37 64
00342 - 17 37 45 58 79
00343 - 17 37 55 62 67
00344 - 17 38 47 63 79
00345 - 17 38 47 64 67
00346 - 18 22 28 37 60
00347 - 18 22 35 62 63
00348 - 18 22 38 45 63
00349 - 18 23 28 35 47
00350 - 18 23 37 64 67
00351 - 18 23 38 58 79
00352 - 18 28 29 33 40
00353 - 18 28 33 67 79
00354 - 18 29 31 45 58
00355 - 18 31 33 37 55
00356 - 18 31 38 60 63
00357 - 18 33 45 60 62
00358 - 18 35 55 63 67
00359 - 18 35 58 62 64
00360 - 18 37 38 40 67
00361 - 18 38 40 47 62
00362 - 18 45 47 55 64
00363 - 18 55 63 64 79
00364 - 22 23 28 58 64
00365 - 22 23 29 37 45
00366 - 22 23 33 40 55
00367 - 22 28 29 63 79
00368 - 22 28 31 35 62
00369 - 22 29 31 33 47
00370 - 22 33 37 62 79
00371 - 22 35 38 40 58
00372 - 22 38 47 55 60
00373 - 22 40 45 60 64
00374 - 22 45 58 62 63
00375 - 22 45 64 67 79
00376 - 23 28 31 45 67
00377 - 23 28 40 62 63
00378 - 23 29 33 35 60
00379 - 23 29 47 55 62
00380 - 23 29 47 64 79
00381 - 23 31 35 37 40
00382 - 23 33 38 45 47
00383 - 23 35 45 62 79
00384 - 23 37 38 58 79
00385 - 23 37 47 60 64
00386 - 23 45 47 60 67
00387 - 28 29 37 55 64
00388 - 28 31 38 40 79
00389 - 28 33 37 47 62
00390 - 28 33 45 63 64
00391 - 28 33 55 58 60
00392 - 28 35 38 60 64
00393 - 28 35 40 45 55
00394 - 28 55 58 62 79
00395 - 29 31 38 40 64
00396 - 29 33 40 45 67
00397 - 29 35 37 38 62
00398 - 29 37 47 58 63
00399 - 29 38 63 64 67
00400 - 29 40 55 60 63
00401 - 29 55 60 67 79
00402 - 31 33 35 58 79
00403 - 31 33 35 63 67
00404 - 31 37 45 62 64
00405 - 31 37 63 64 79
00406 - 31 38 55 58 67
00407 - 31 40 45 47 63
00408 - 31 47 60 62 67
00409 - 33 37 47 67 79
00410 - 33 38 55 62 64
00411 - 33 40 47 58 64
00412 - 33 58 62 63 67
00413 - 35 45 47 58 60
00414 - 35 47 63 67 79
00415 - 37 38 45 55 63
00416 - 37 40 58 60 62
00417 - 38 45 60 67 79
00418 - 58 60 64 67 79