00001 - 03 06 15 62 75
00002 - 03 15 17 49 61
00003 - 03 06 19 39 42
00004 - 03 06 38 51 76
00005 - 03 06 48 63 76
00006 - 03 06 61 76 78
00007 - 03 15 19 48 51
00008 - 03 15 38 42 78
00009 - 03 15 39 51 76
00010 - 03 15 39 62 63
00011 - 03 15 42 61 76
00012 - 03 19 38 63 78
00013 - 03 19 61 63 75
00014 - 03 19 62 75 76
00015 - 03 38 39 48 75
00016 - 03 38 51 61 62
00017 - 03 39 61 75 78
00018 - 03 42 48 62 78
00019 - 03 42 51 63 75
00020 - 03 48 51 61 78
00021 - 06 15 19 61 78
00022 - 06 15 38 39 61
00023 - 06 15 42 48 51
00024 - 06 15 63 75 76
00025 - 06 19 38 51 75
00026 - 06 19 42 62 63
00027 - 06 19 48 61 76
00028 - 06 38 42 61 63
00029 - 06 38 48 62 78
00030 - 06 39 42 62 76
00031 - 06 39 48 51 75
00032 - 06 39 51 63 78
00033 - 06 42 51 61 62
00034 - 06 42 61 75 78
00035 - 15 19 38 62 76
00036 - 15 19 39 42 75
00037 - 15 19 51 61 63
00038 - 15 38 42 62 75
00039 - 15 38 48 51 63
00040 - 15 39 48 76 78
00041 - 15 42 63 76 78
00042 - 15 48 61 62 75
00043 - 15 51 62 75 78
00044 - 19 38 39 63 76
00045 - 19 38 42 48 61
00046 - 19 39 48 62 78
00047 - 19 39 51 61 62
00048 - 19 42 51 76 78
00049 - 19 48 63 75 78
00050 - 38 39 42 51 78
00051 - 38 39 62 63 75
00052 - 38 42 48 75 76
00053 - 38 61 75 76 78
00054 - 39 42 48 61 63
00055 - 39 51 61 75 76
00056 - 48 51 62 63 76
00057 - 61 62 63 76 78
00058 - 03 15 19 22 26
00059 - 03 15 20 33 65
00060 - 03 15 30 51 65
00061 - 03 15 40 65 71
00062 - 03 17 19 30 33
00063 - 03 17 20 26 71
00064 - 03 17 22 33 65
00065 - 03 17 22 49 51
00066 - 03 17 26 40 65
00067 - 03 19 20 51 71
00068 - 03 19 40 51 61
00069 - 03 19 49 61 65
00070 - 03 20 22 30 61
00071 - 03 20 33 40 49
00072 - 03 22 40 61 71
00073 - 03 26 30 49 71
00074 - 03 26 33 51 61
00075 - 03 30 33 40 71
00076 - 15 17 19 40 71
00077 - 15 17 20 22 40
00078 - 15 17 26 30 33
00079 - 15 17 51 61 65
00080 - 15 19 20 33 61
00081 - 15 19 26 49 51
00082 - 15 19 30 40 65
00083 - 15 20 26 40 51
00084 - 15 20 30 49 71
00085 - 15 22 26 49 65
00086 - 15 22 30 33 61
00087 - 15 22 33 51 71
00088 - 15 26 33 40 49
00089 - 15 26 40 61 71
00090 - 17 19 20 49 65
00091 - 17 19 22 26 61
00092 - 17 19 33 40 51
00093 - 17 20 26 49 61
00094 - 17 20 30 33 51
00095 - 17 22 30 65 71
00096 - 17 26 51 65 71
00097 - 17 30 40 49 61
00098 - 17 33 49 61 71
00099 - 19 20 22 51 65
00100 - 19 20 26 30 40
00101 - 19 22 30 49 71
00102 - 19 22 33 40 49
00103 - 19 26 33 65 71
00104 - 19 30 51 61 71
00105 - 20 22 26 33 71
00106 - 20 22 49 51 61
00107 - 20 26 30 61 65
00108 - 20 40 61 65 71
00109 - 22 26 30 40 51
00110 - 22 33 40 61 65
00111 - 30 33 49 51 65
00112 - 40 49 51 65 71