00001 - 01 08 11 64 77
00002 - 01 08 11 66 72
00003 - 01 08 11 75 76
00004 - 01 08 12 37 60
00005 - 01 08 29 46 58
00006 - 01 08 31 38 51
00007 - 01 08 32 44 59
00008 - 01 08 75 76 77
00009 - 01 11 12 44 51
00010 - 01 11 29 38 59
00011 - 01 11 31 46 60
00012 - 01 11 32 37 58
00013 - 01 12 29 64 77
00014 - 01 12 29 66 75
00015 - 01 12 29 72 76
00016 - 01 12 31 58 59
00017 - 01 12 32 38 46
00018 - 01 29 31 37 44
00019 - 01 29 32 51 60
00020 - 01 31 32 64 77
00021 - 01 31 32 66 76
00022 - 01 31 32 72 75
00023 - 01 37 38 64 72
00024 - 01 37 38 66 77
00025 - 01 37 38 75 76
00026 - 01 37 46 51 59
00027 - 01 38 44 58 60
00028 - 01 44 46 64 66
00029 - 01 44 46 72 77
00030 - 01 44 46 75 76
00031 - 01 51 58 64 76
00032 - 01 51 58 66 72
00033 - 01 51 58 75 77
00034 - 01 59 60 64 75
00035 - 01 59 60 66 72
00036 - 01 59 60 76 77
00037 - 08 11 12 46 59
00038 - 08 11 29 37 51
00039 - 08 11 31 44 58
00040 - 08 11 32 38 60
00041 - 08 12 29 38 44
00042 - 08 12 31 64 66
00043 - 08 12 31 72 77
00044 - 08 12 31 75 76
00045 - 08 12 32 51 58
00046 - 08 29 31 59 60
00047 - 08 29 32 64 72
00048 - 08 29 32 66 77
00049 - 08 29 32 75 76
00050 - 08 31 32 37 46
00051 - 08 37 38 58 59
00052 - 08 37 44 64 76
00053 - 08 37 44 66 72
00054 - 08 37 44 75 77
00055 - 08 38 46 64 75
00056 - 08 38 46 66 72
00057 - 08 38 46 76 77
00058 - 08 44 46 51 60
00059 - 08 51 59 64 77
00060 - 08 51 59 66 76
00061 - 08 51 59 72 75
00062 - 08 58 60 64 77
00063 - 08 58 60 66 75
00064 - 08 58 60 72 76
00065 - 11 12 29 58 60
00066 - 11 12 31 37 38
00067 - 11 12 32 64 75
00068 - 11 12 32 66 72
00069 - 11 12 32 76 77
00070 - 11 29 31 64 76
00071 - 11 29 31 66 72
00072 - 11 29 31 75 77
00073 - 11 29 32 44 46
00074 - 11 31 32 51 59
00075 - 11 37 44 59 60
00076 - 11 37 46 64 77
00077 - 11 37 46 66 76
00078 - 11 37 46 72 75
00079 - 11 38 44 64 77
00080 - 11 38 44 66 75
00081 - 11 38 44 72 76
00082 - 11 38 46 51 58
00083 - 11 51 60 64 72
00084 - 11 51 60 66 77
00085 - 11 51 60 75 76
00086 - 11 58 59 64 66
00087 - 11 58 59 72 77
00088 - 11 58 59 75 76
00089 - 12 29 31 46 51
00090 - 12 29 32 37 59
00091 - 12 31 32 44 60
00092 - 12 37 44 46 58
00093 - 12 37 51 64 77
00094 - 12 37 51 66 72
00095 - 12 37 51 75 76
00096 - 12 38 51 59 60
00097 - 12 38 58 64 77
00098 - 12 38 58 66 76
00099 - 12 38 58 72 75
00100 - 12 44 59 64 72
00101 - 12 44 59 66 77
00102 - 12 44 59 75 76
00103 - 12 46 60 64 76
00104 - 12 46 60 66 72
00105 - 12 46 60 75 77
00106 - 29 31 32 38 58
00107 - 29 37 38 46 60
00108 - 29 37 58 64 75
00109 - 29 37 58 66 72
00110 - 29 37 58 76 77
00111 - 29 38 51 64 66
00112 - 29 38 51 72 77
00113 - 29 38 51 75 76
00114 - 29 44 51 58 59
00115 - 29 44 60 64 77
00116 - 29 44 60 66 76
00117 - 29 44 60 72 75
00118 - 29 46 59 64 77
00119 - 29 46 59 66 72
00120 - 29 46 59 75 76
00121 - 31 37 51 58 60
00122 - 31 37 59 64 77
00123 - 31 37 59 66 75
00124 - 31 37 59 72 76
00125 - 31 38 44 46 59
00126 - 31 38 60 64 77
00127 - 31 38 60 66 72
00128 - 31 38 60 75 76
00129 - 31 44 51 64 75
00130 - 31 44 51 66 72
00131 - 31 44 51 76 77
00132 - 31 46 58 64 72
00133 - 31 46 58 66 77
00134 - 31 46 58 75 76
00135 - 32 37 38 44 51
00136 - 32 37 60 64 66
00137 - 32 37 60 72 77
00138 - 32 37 60 75 76
00139 - 32 38 59 64 76
00140 - 32 38 59 66 72
00141 - 32 38 59 75 77
00142 - 32 44 58 64 77
00143 - 32 44 58 66 72
00144 - 32 44 58 75 76
00145 - 32 46 51 64 77
00146 - 32 46 51 66 75
00147 - 32 46 51 72 76
00148 - 32 46 58 59 60
00149 - 64 66 72 75 76
00150 - 64 66 72 75 77
00151 - 64 66 72 76 77