00001 - 08 11 18 56 66
00002 - 13 20 21 55 61
00003 - 08 11 24 33 40
00004 - 08 11 29 43 69
00005 - 08 11 42 59 69
00006 - 08 11 52 69 74
00007 - 08 18 24 42 43
00008 - 08 18 29 40 74
00009 - 08 18 33 43 69
00010 - 08 18 33 56 59
00011 - 08 18 40 52 69
00012 - 08 24 29 59 74
00013 - 08 24 52 59 66
00014 - 08 24 56 66 69
00015 - 08 29 33 42 66
00016 - 08 29 43 52 56
00017 - 08 33 52 66 74
00018 - 08 40 42 56 74
00019 - 08 40 43 59 66
00020 - 08 42 43 52 74
00021 - 11 18 24 52 74
00022 - 11 18 29 33 52
00023 - 11 18 40 42 43
00024 - 11 18 59 66 69
00025 - 11 24 29 43 66
00026 - 11 24 40 56 59
00027 - 11 24 42 52 69
00028 - 11 29 40 52 59
00029 - 11 29 42 56 74
00030 - 11 33 40 56 69
00031 - 11 33 42 43 66
00032 - 11 33 43 59 74
00033 - 11 40 43 52 56
00034 - 11 40 52 66 74
00035 - 18 24 29 56 69
00036 - 18 24 33 40 66
00037 - 18 24 43 52 59
00038 - 18 29 40 56 66
00039 - 18 29 42 43 59
00040 - 18 33 42 69 74
00041 - 18 40 59 69 74
00042 - 18 42 52 56 66
00043 - 18 43 56 66 74
00044 - 24 29 33 59 69
00045 - 24 29 40 42 52
00046 - 24 33 42 56 74
00047 - 24 33 43 52 56
00048 - 24 40 43 69 74
00049 - 24 42 59 66 74
00050 - 29 33 40 43 74
00051 - 29 33 56 59 66
00052 - 29 40 42 66 69
00053 - 29 52 66 69 74
00054 - 33 40 42 52 59
00055 - 33 43 52 66 69
00056 - 42 43 56 59 69
00057 - 52 56 59 69 74
00058 - 13 20 24 35 37
00059 - 13 20 31 44 73
00060 - 13 20 41 58 73
00061 - 13 20 47 73 78
00062 - 13 21 24 41 44
00063 - 13 21 31 37 78
00064 - 13 21 35 44 73
00065 - 13 21 35 55 58
00066 - 13 21 37 47 73
00067 - 13 24 31 58 78
00068 - 13 24 47 58 61
00069 - 13 24 55 61 73
00070 - 13 31 35 41 61
00071 - 13 31 44 47 55
00072 - 13 35 47 61 78
00073 - 13 37 41 55 78
00074 - 13 37 44 58 61
00075 - 13 41 44 47 78
00076 - 20 21 24 47 78
00077 - 20 21 31 35 47
00078 - 20 21 37 41 44
00079 - 20 21 58 61 73
00080 - 20 24 31 44 61
00081 - 20 24 37 55 58
00082 - 20 24 41 47 73
00083 - 20 31 37 47 58
00084 - 20 31 41 55 78
00085 - 20 35 37 55 73
00086 - 20 35 41 44 61
00087 - 20 35 44 58 78
00088 - 20 37 44 47 55
00089 - 20 37 47 61 78
00090 - 21 24 31 55 73
00091 - 21 24 35 37 61
00092 - 21 24 44 47 58
00093 - 21 31 37 55 61
00094 - 21 31 41 44 58
00095 - 21 35 41 73 78
00096 - 21 37 58 73 78
00097 - 21 41 47 55 61
00098 - 21 44 55 61 78
00099 - 24 31 35 58 73
00100 - 24 31 37 41 47
00101 - 24 35 41 55 78
00102 - 24 35 44 47 55
00103 - 24 37 44 73 78
00104 - 24 41 58 61 78
00105 - 31 35 37 44 78
00106 - 31 35 55 58 61
00107 - 31 37 41 61 73
00108 - 31 47 61 73 78
00109 - 35 37 41 47 58
00110 - 35 44 47 61 73
00111 - 41 44 55 58 73
00112 - 47 55 58 73 78