00001 - 02 05 11 13 14 23 25
00002 - 02 05 12 13 23 25 43
00003 - 02 05 13 16 25 39 45
00004 - 02 05 13 25 30 43 48
00005 - 02 09 12 27 36 43 45
00006 - 02 09 14 23 36 39 48
00007 - 02 09 23 27 32 41 48
00008 - 02 11 13 18 27 30 43
00009 - 02 12 27 32 41 43 48
00010 - 02 13 16 18 32 41 43
00011 - 02 18 25 30 41 43 48
00012 - 05 09 11 14 18 25 27
00013 - 05 09 12 14 32 43 48
00014 - 05 09 13 27 32 39 45
00015 - 05 09 16 18 23 25 41
00016 - 05 11 12 18 23 27 30
00017 - 05 11 13 16 18 30 43
00018 - 05 11 14 25 27 30 45
00019 - 05 12 13 27 30 45 48
00020 - 05 12 18 27 32 43 48
00021 - 05 14 23 30 32 36 41
00022 - 05 16 18 27 30 36 43
00023 - 09 11 14 25 27 36 39
00024 - 09 11 16 18 27 30 32
00025 - 09 18 30 32 39 41 43
00026 - 11 18 25 32 41 45 48
00027 - 12 13 16 36 39 45 48
00028 - 12 14 16 36 41 43 45
00029 - 12 14 18 25 36 45 48
00030 - 12 14 25 30 43 45 48
00031 - 12 16 18 25 27 39 48
00032 - 12 18 30 32 36 39 43
00033 - 13 27 39 41 43 45 48
00034 - 16 23 25 27 39 41 48
