00001 - 01 02 03 58 75
00002 - 01 02 03 62 63
00003 - 01 02 03 64 65
00004 - 01 02 04 19 54
00005 - 01 02 05 27 50
00006 - 01 02 09 20 49
00007 - 01 02 10 50 79
00008 - 01 02 10 55 66
00009 - 01 02 10 69 76
00010 - 01 02 13 24 46
00011 - 01 02 14 36 42
00012 - 01 02 15 28 40
00013 - 01 02 16 22 51
00014 - 01 02 16 30 43
00015 - 01 02 64 65 75
00016 - 01 02 69 76 79
00017 - 01 03 04 22 49
00018 - 01 03 05 20 51
00019 - 01 03 09 27 54
00020 - 01 03 16 19 50
00021 - 01 04 05 58 75
00022 - 01 04 05 62 64
00023 - 01 04 05 63 65
00024 - 01 04 09 50 51
00025 - 01 04 16 20 27
00026 - 01 05 09 19 22
00027 - 01 05 16 49 54
00028 - 01 09 16 58 75
00029 - 01 09 16 62 65
00030 - 01 09 16 63 64
00031 - 01 10 13 30 40
00032 - 01 10 14 28 43
00033 - 01 10 15 36 46
00034 - 01 10 16 24 42
00035 - 01 13 14 50 79
00036 - 01 13 14 55 69
00037 - 01 13 14 66 76
00038 - 01 13 15 42 43
00039 - 01 13 16 28 36
00040 - 01 14 15 24 30
00041 - 01 14 16 40 46
00042 - 01 15 16 50 79
00043 - 01 15 16 55 76
00044 - 01 15 16 66 69
00045 - 01 19 20 58 63
00046 - 01 19 20 62 75
00047 - 01 19 20 64 65
00048 - 01 19 27 49 51
00049 - 01 20 22 50 54
00050 - 01 22 27 58 62
