00001 - 07 22 31 34 49
00002 - 07 22 31 36 54
00003 - 07 22 31 37 68
00004 - 07 22 31 54 78
00005 - 07 22 34 36 68
00006 - 07 22 34 37 54
00007 - 07 22 34 49 78
00008 - 07 22 36 37 49
00009 - 07 22 36 68 78
00010 - 07 22 37 49 78
00011 - 07 22 49 54 68
00012 - 07 31 34 36 37
00013 - 07 31 34 37 78
00014 - 07 31 34 54 68
00015 - 07 31 36 49 78
00016 - 07 31 36 54 68
00017 - 07 31 37 49 54
00018 - 07 31 49 68 78
00019 - 07 34 36 49 54
00020 - 07 34 36 68 78
00021 - 07 34 37 49 68
00022 - 07 34 49 54 78
00023 - 07 36 37 49 68
00024 - 07 36 37 54 78
00025 - 07 37 54 68 78
00026 - 22 31 34 36 54
00027 - 22 31 34 37 68
00028 - 22 31 34 49 78
00029 - 22 31 36 37 78
00030 - 22 31 36 49 68
00031 - 22 31 37 49 54
00032 - 22 31 54 68 78
00033 - 22 34 36 37 49
00034 - 22 34 36 68 78
00035 - 22 34 37 54 78
00036 - 22 34 49 54 68
00037 - 22 36 37 54 68
00038 - 22 36 49 54 78
00039 - 22 37 49 68 78
00040 - 31 34 36 49 68
00041 - 31 34 36 54 78
00042 - 31 34 37 49 54
00043 - 31 34 37 68 78
00044 - 31 36 37 49 54
00045 - 31 36 37 68 78
00046 - 31 37 49 54 68
00047 - 31 37 49 54 78
00048 - 34 36 37 49 78
00049 - 34 36 37 54 68
00050 - 34 49 54 68 78
00051 - 36 49 54 68 78