00001 - 11 14 15 71 75
00002 - 11 14 28 30 71
00003 - 11 14 43 71 80
00004 - 11 14 48 64 71
00005 - 11 14 62 71 74
00006 - 11 15 28 62 74
00007 - 11 15 30 43 80
00008 - 11 15 30 48 64
00009 - 11 28 43 48 75
00010 - 11 28 64 75 80
00011 - 11 30 62 74 75
00012 - 11 43 62 64 74
00013 - 11 48 62 74 80
00014 - 14 15 28 74 75
00015 - 14 15 30 62 75
00016 - 14 15 43 64 75
00017 - 14 15 48 75 80
00018 - 14 28 43 62 80
00019 - 14 28 48 62 64
00020 - 14 30 43 48 74
00021 - 14 30 64 74 80
00022 - 15 28 30 71 74
00023 - 15 28 43 64 74
00024 - 15 28 48 74 80
00025 - 15 43 48 62 71
00026 - 15 62 64 71 80
00027 - 28 30 43 64 71
00028 - 28 30 48 71 80
00029 - 28 30 62 71 75
00030 - 30 43 62 75 80
00031 - 30 48 62 64 75
00032 - 43 48 64 71 80
00033 - 43 71 74 75 80
00034 - 48 64 71 74 75