00001 - 01 02 20 51 53 75
00002 - 01 06 19 21 42 64
00003 - 01 09 27 38 57 66
00004 - 01 10 11 43 63 78
00005 - 01 13 16 21 46 79
00006 - 01 14 19 39 44 65
00007 - 01 15 20 39 54 72
00008 - 01 15 25 42 45 74
00009 - 01 16 43 51 54 73
00010 - 01 25 30 38 49 74
00011 - 02 03 04 21 25 78
00012 - 02 05 37 39 49 73
00013 - 02 12 39 55 75 76
00014 - 02 16 48 67 69 72
00015 - 02 21 48 55 69 71
00016 - 02 24 27 39 49 62
00017 - 02 52 61 72 75 80
00018 - 03 09 10 11 36 53
00019 - 03 19 23 43 63 69
00020 - 04 05 06 58 69 72
00021 - 04 08 10 13 62 65
00022 - 04 08 20 27 61 71
00023 - 04 08 28 40 50 57
00024 - 04 22 31 43 65 72
00025 - 04 26 31 35 51 79
00026 - 04 40 59 72 73 80
00027 - 04 47 49 65 71 76
00028 - 05 09 13 19 49 78
00029 - 05 12 14 20 25 50
00030 - 05 27 28 68 71 74
00031 - 05 27 38 39 40 46
00032 - 05 39 50 52 60 78
00033 - 06 14 19 25 63 76
00034 - 06 18 27 31 41 55
00035 - 06 38 57 63 67 78
00036 - 07 12 36 43 53 69
00037 - 07 13 32 50 59 60
00038 - 07 17 36 40 49 74
00039 - 07 18 21 25 32 56
00040 - 07 23 40 68 72 77
00041 - 07 62 68 72 73 77
00042 - 08 23 26 49 64 67
00043 - 09 10 13 20 49 59
00044 - 09 10 28 40 55 69
00045 - 09 15 42 63 73 74
00046 - 09 16 63 67 75 76
00047 - 10 13 26 35 36 79
00048 - 10 20 21 33 62 76
00049 - 10 21 36 64 67 78
00050 - 10 37 54 57 66 79
00051 - 10 57 69 73 75 78
00052 - 11 13 33 43 47 74
00053 - 11 16 29 37 67 79
00054 - 11 18 44 48 66 72
00055 - 11 27 35 49 62 63
00056 - 11 36 48 57 68 72
00057 - 11 36 53 64 76 78
00058 - 12 23 28 44 66 77
00059 - 12 23 28 52 62 80
00060 - 14 15 22 39 70 75
00061 - 14 17 28 33 54 74
00062 - 14 20 27 30 49 65
00063 - 14 20 33 46 49 50
00064 - 14 21 43 53 63 71
00065 - 14 36 48 53 72 76
00066 - 15 17 46 48 50 56
00067 - 15 23 26 53 63 64
00068 - 15 27 31 34 55 64
00069 - 15 29 30 31 58 73
00070 - 15 33 35 37 40 48
00071 - 16 18 31 33 44 67
00072 - 16 22 26 49 50 52
00073 - 17 26 29 34 72 74
00074 - 17 49 51 61 72 75
00075 - 18 32 33 39 42 62
00076 - 20 29 40 53 68 75
00077 - 21 28 29 46 59 62
00078 - 24 51 52 56 70 71
00079 - 25 26 27 44 46 80
00080 - 25 29 40 45 50 53
00081 - 25 41 47 57 70 76
00082 - 26 29 39 40 41 50
00083 - 27 30 45 49 72 77
00084 - 27 34 39 60 66 77
00085 - 28 47 56 57 61 70
00086 - 29 31 38 42 44 53
00087 - 29 37 38 50 72 77
00088 - 32 38 48 54 60 61
00089 - 36 47 64 75 76 80
00090 - 46 54 56 59 61 80
00091 - 03 07 09 13 38
00092 - 03 07 09 13 50
00093 - 03 07 09 28 45
00094 - 03 07 09 33 72
00095 - 03 07 09 39 63
00096 - 03 07 09 40 78
00097 - 03 07 09 41 54
00098 - 03 07 09 49 72
00099 - 03 07 09 56 68
00100 - 03 07 13 28 40
00101 - 03 07 13 33 63
00102 - 03 07 13 38 39
00103 - 03 07 13 41 72
00104 - 03 07 13 45 54
00105 - 03 07 13 49 56
00106 - 03 07 13 68 78
00107 - 03 07 28 33 54
00108 - 03 07 28 38 41
00109 - 03 07 28 38 63
00110 - 03 07 28 39 49
00111 - 03 07 28 40 56
00112 - 03 07 28 50 78
00113 - 03 07 28 68 72
00114 - 03 07 33 38 78
00115 - 03 07 33 39 40
00116 - 03 07 33 41 49
00117 - 03 07 33 45 54
00118 - 03 07 33 50 56
00119 - 03 07 33 63 68
00120 - 03 07 38 40 45
00121 - 03 07 38 49 54
00122 - 03 07 38 50 68
00123 - 03 07 38 56 72
00124 - 03 07 39 41 50
00125 - 03 07 39 45 56
00126 - 03 07 39 54 68
00127 - 03 07 39 72 78
00128 - 03 07 40 41 68
00129 - 03 07 40 45 49
00130 - 03 07 40 50 72
00131 - 03 07 40 54 63
00132 - 03 07 41 45 78
00133 - 03 07 41 56 63
00134 - 03 07 45 50 63
00135 - 03 07 45 68 72
00136 - 03 07 49 50 68
00137 - 03 07 49 63 78
00138 - 03 07 50 54 63
00139 - 03 07 54 56 78
00140 - 03 07 54 63 72
00141 - 03 09 13 28 68
00142 - 03 09 13 33 78
00143 - 03 09 13 39 72
00144 - 03 09 13 40 56
00145 - 03 09 13 41 63
00146 - 03 09 13 45 49
00147 - 03 09 13 54 56
00148 - 03 09 28 33 38
00149 - 03 09 28 39 41
00150 - 03 09 28 40 49
00151 - 03 09 28 50 54
00152 - 03 09 28 56 72
00153 - 03 09 28 63 78
00154 - 03 09 33 38 54
00155 - 03 09 33 38 72
00156 - 03 09 33 39 68
00157 - 03 09 33 40 41
00158 - 03 09 33 45 78
00159 - 03 09 33 49 50
00160 - 03 09 33 56 63
00161 - 03 09 38 39 49
00162 - 03 09 38 40 56
00163 - 03 09 38 41 68
00164 - 03 09 38 45 63
00165 - 03 09 38 50 78
00166 - 03 09 39 40 54
00167 - 03 09 39 45 50
00168 - 03 09 39 56 78
00169 - 03 09 40 45 63
00170 - 03 09 40 50 56
00171 - 03 09 40 68 72
00172 - 03 09 41 45 56
00173 - 03 09 41 49 78
00174 - 03 09 41 50 72
00175 - 03 09 45 49 68
00176 - 03 09 45 54 72
00177 - 03 09 49 54 63
00178 - 03 09 49 56 63
00179 - 03 09 50 63 68
00180 - 03 09 54 68 78
00181 - 03 09 63 72 78
00182 - 03 13 28 33 45
00183 - 03 13 28 38 40
00184 - 03 13 28 39 41
00185 - 03 13 28 49 68
00186 - 03 13 28 50 72
00187 - 03 13 28 54 63
00188 - 03 13 28 56 78
00189 - 03 13 28 63 68
00190 - 03 13 33 38 50
00191 - 03 13 33 39 78
00192 - 03 13 33 40 72
00193 - 03 13 33 41 54
00194 - 03 13 33 49 54
00195 - 03 13 33 56 68
00196 - 03 13 33 56 72
00197 - 03 13 38 39 68
00198 - 03 13 38 41 56
00199 - 03 13 38 45 72
00200 - 03 13 38 49 63
00201 - 03 13 38 54 78
00202 - 03 13 39 40 45
00203 - 03 13 39 49 50
00204 - 03 13 39 54 72
00205 - 03 13 39 56 63
00206 - 03 13 40 41 49
00207 - 03 13 40 41 54
00208 - 03 13 40 50 63
00209 - 03 13 40 68 78
00210 - 03 13 41 45 68
00211 - 03 13 41 50 78
00212 - 03 13 45 50 56
00213 - 03 13 45 63 78
00214 - 03 13 49 72 78
00215 - 03 13 50 54 68
00216 - 03 13 63 68 72
00217 - 03 28 33 39 63
00218 - 03 28 33 40 50
00219 - 03 28 33 41 68
00220 - 03 28 33 49 56
00221 - 03 28 33 72 78
00222 - 03 28 38 39 50
00223 - 03 28 38 39 72
00224 - 03 28 38 45 50
00225 - 03 28 38 49 78
00226 - 03 28 38 50 68
00227 - 03 28 38 54 56
00228 - 03 28 39 40 78
00229 - 03 28 39 45 54
00230 - 03 28 39 56 68
00231 - 03 28 40 41 63
00232 - 03 28 40 45 72
00233 - 03 28 40 54 68
00234 - 03 28 41 45 49
00235 - 03 28 41 50 56
00236 - 03 28 41 50 72
00237 - 03 28 41 54 78
00238 - 03 28 45 56 63
00239 - 03 28 45 68 78
00240 - 03 28 49 50 63
00241 - 03 28 49 54 72
00242 - 03 28 56 63 72
00243 - 03 33 38 39 56
00244 - 03 33 38 40 63
00245 - 03 33 38 41 45
00246 - 03 33 38 45 63
00247 - 03 33 38 49 68
00248 - 03 33 39 41 72
00249 - 03 33 39 45 49
00250 - 03 33 39 50 54
00251 - 03 33 40 45 56
00252 - 03 33 40 45 68
00253 - 03 33 40 49 78
00254 - 03 33 40 54 56
00255 - 03 33 41 50 63
00256 - 03 33 41 56 78
00257 - 03 33 45 50 72
00258 - 03 33 49 63 72
00259 - 03 33 50 68 78
00260 - 03 33 54 63 78
00261 - 03 33 54 68 72
00262 - 03 38 39 40 41
00263 - 03 38 39 45 78
00264 - 03 38 39 54 63
00265 - 03 38 40 49 72
00266 - 03 38 40 50 78
00267 - 03 38 40 54 68
00268 - 03 38 41 49 50
00269 - 03 38 41 54 72
00270 - 03 38 41 63 78
00271 - 03 38 45 49 56
00272 - 03 38 45 50 54
00273 - 03 38 45 50 68
00274 - 03 38 50 56 78
00275 - 03 38 50 63 72
00276 - 03 38 56 63 68
00277 - 03 38 68 72 78
00278 - 03 39 40 49 56
00279 - 03 39 40 50 68
00280 - 03 39 40 63 72
00281 - 03 39 41 45 72
00282 - 03 39 41 49 63
00283 - 03 39 41 54 56
00284 - 03 39 41 68 78
00285 - 03 39 45 63 68
00286 - 03 39 49 54 78
00287 - 03 39 49 68 72
00288 - 03 39 50 56 72
00289 - 03 39 50 63 78
00290 - 03 40 41 45 50
00291 - 03 40 41 56 68
00292 - 03 40 41 72 78
00293 - 03 40 45 54 78
00294 - 03 40 49 50 54
00295 - 03 40 49 63 68
00296 - 03 40 54 56 72
00297 - 03 40 56 63 78
00298 - 03 41 45 54 63
00299 - 03 41 49 54 68
00300 - 03 41 49 56 72
00301 - 03 41 50 54 68
00302 - 03 41 63 68 72
00303 - 03 45 49 50 78
00304 - 03 45 49 54 56
00305 - 03 45 49 63 72
00306 - 03 45 54 56 68
00307 - 03 45 56 72 78
00308 - 03 49 50 56 72
00309 - 03 49 56 68 78
00310 - 03 50 54 56 63
00311 - 03 50 54 72 78
00312 - 03 50 56 68 72
00313 - 03 54 63 68 78
00314 - 07 09 13 28 39
00315 - 07 09 13 28 54
00316 - 07 09 13 33 49
00317 - 07 09 13 40 68
00318 - 07 09 13 41 78
00319 - 07 09 13 45 56
00320 - 07 09 13 63 72
00321 - 07 09 28 33 41
00322 - 07 09 28 38 68
00323 - 07 09 28 39 40
00324 - 07 09 28 49 56
00325 - 07 09 28 50 63
00326 - 07 09 28 72 78
00327 - 07 09 33 38 56
00328 - 07 09 33 39 45
00329 - 07 09 33 39 68
00330 - 07 09 33 40 50
00331 - 07 09 33 41 63
00332 - 07 09 33 54 78
00333 - 07 09 38 39 78
00334 - 07 09 38 40 41
00335 - 07 09 38 45 50
00336 - 07 09 38 49 56
00337 - 07 09 38 54 63
00338 - 07 09 38 68 72
00339 - 07 09 39 41 49
00340 - 07 09 39 50 56
00341 - 07 09 39 54 72
00342 - 07 09 40 45 54
00343 - 07 09 40 49 63
00344 - 07 09 40 56 72
00345 - 07 09 41 45 72
00346 - 07 09 41 49 50
00347 - 07 09 41 56 68
00348 - 07 09 45 49 78
00349 - 07 09 45 63 68
00350 - 07 09 49 54 68
00351 - 07 09 50 54 72
00352 - 07 09 50 68 78
00353 - 07 09 54 56 68
00354 - 07 09 56 63 78
00355 - 07 13 28 33 72
00356 - 07 13 28 38 78
00357 - 07 13 28 41 63
00358 - 07 13 28 45 68
00359 - 07 13 28 49 50
00360 - 07 13 28 56 63
00361 - 07 13 33 38 39
00362 - 07 13 33 40 45
00363 - 07 13 33 41 50
00364 - 07 13 33 54 56
00365 - 07 13 33 68 78
00366 - 07 13 38 39 56
00367 - 07 13 38 40 72
00368 - 07 13 38 41 45
00369 - 07 13 38 49 78
00370 - 07 13 38 50 54
00371 - 07 13 38 63 68
00372 - 07 13 39 40 50
00373 - 07 13 39 41 63
00374 - 07 13 39 45 72
00375 - 07 13 39 49 68
00376 - 07 13 39 54 78
00377 - 07 13 40 41 56
00378 - 07 13 40 49 54
00379 - 07 13 40 63 78
00380 - 07 13 41 49 68
00381 - 07 13 41 54 63
00382 - 07 13 45 49 63
00383 - 07 13 45 50 78
00384 - 07 13 49 50 72
00385 - 07 13 50 56 68
00386 - 07 13 50 63 68
00387 - 07 13 54 68 72
00388 - 07 13 56 72 78
00389 - 07 28 33 38 49
00390 - 07 28 33 39 41
00391 - 07 28 33 40 45
00392 - 07 28 33 50 72
00393 - 07 28 33 56 68
00394 - 07 28 33 63 78
00395 - 07 28 33 68 72
00396 - 07 28 38 39 54
00397 - 07 28 38 40 78
00398 - 07 28 38 45 56
00399 - 07 28 38 50 56
00400 - 07 28 38 63 72
00401 - 07 28 39 40 72
00402 - 07 28 39 45 63
00403 - 07 28 39 50 68
00404 - 07 28 39 56 78
00405 - 07 28 40 41 49
00406 - 07 28 40 50 54
00407 - 07 28 40 63 68
00408 - 07 28 41 45 50
00409 - 07 28 41 45 56
00410 - 07 28 41 54 68
00411 - 07 28 41 72 78
00412 - 07 28 45 49 72
00413 - 07 28 45 54 78
00414 - 07 28 49 54 63
00415 - 07 28 49 68 78
00416 - 07 28 54 56 72
00417 - 07 33 38 40 68
00418 - 07 33 38 41 54
00419 - 07 33 38 45 72
00420 - 07 33 38 50 63
00421 - 07 33 39 40 54
00422 - 07 33 39 49 54
00423 - 07 33 39 50 78
00424 - 07 33 39 54 72
00425 - 07 33 39 56 63
00426 - 07 33 40 41 78
00427 - 07 33 40 49 56
00428 - 07 33 40 63 72
00429 - 07 33 41 45 68
00430 - 07 33 41 56 72
00431 - 07 33 45 49 50
00432 - 07 33 45 54 63
00433 - 07 33 45 56 78
00434 - 07 33 49 63 68
00435 - 07 33 49 72 78
00436 - 07 33 50 54 68
00437 - 07 38 39 40 63
00438 - 07 38 39 41 68
00439 - 07 38 39 45 49
00440 - 07 38 39 49 68
00441 - 07 38 39 50 72
00442 - 07 38 40 49 50
00443 - 07 38 40 54 56
00444 - 07 38 41 49 63
00445 - 07 38 41 49 72
00446 - 07 38 41 50 78
00447 - 07 38 41 56 63
00448 - 07 38 45 54 68
00449 - 07 38 45 63 78
00450 - 07 38 54 72 78
00451 - 07 38 56 68 78
00452 - 07 39 40 41 45
00453 - 07 39 40 49 78
00454 - 07 39 40 56 68
00455 - 07 39 41 54 78
00456 - 07 39 41 56 72
00457 - 07 39 45 50 54
00458 - 07 39 45 68 78
00459 - 07 39 49 50 63
00460 - 07 39 49 54 56
00461 - 07 39 49 54 72
00462 - 07 39 54 63 78
00463 - 07 39 63 68 72
00464 - 07 40 41 50 63
00465 - 07 40 41 54 72
00466 - 07 40 45 50 68
00467 - 07 40 45 56 63
00468 - 07 40 45 72 78
00469 - 07 40 49 68 72
00470 - 07 40 50 56 78
00471 - 07 40 54 68 78
00472 - 07 41 45 49 54
00473 - 07 41 45 63 72
00474 - 07 41 49 56 78
00475 - 07 41 50 54 56
00476 - 07 41 50 68 72
00477 - 07 41 63 68 78
00478 - 07 45 49 56 68
00479 - 07 45 50 56 72
00480 - 07 45 54 56 72
00481 - 07 49 50 54 78
00482 - 07 49 50 56 63
00483 - 07 49 56 63 72
00484 - 07 50 63 72 78
00485 - 07 54 56 63 68
00486 - 07 56 68 72 78
00487 - 09 13 28 33 40
00488 - 09 13 28 33 56
00489 - 09 13 28 38 50
00490 - 09 13 28 41 72
00491 - 09 13 28 45 78
00492 - 09 13 28 49 63
00493 - 09 13 33 38 45
00494 - 09 13 33 39 72
00495 - 09 13 33 40 41
00496 - 09 13 33 50 63
00497 - 09 13 33 54 68
00498 - 09 13 38 39 63
00499 - 09 13 38 40 49
00500 - 09 13 38 40 72
00501 - 09 13 38 41 54
00502 - 09 13 38 45 68
00503 - 09 13 38 56 78
00504 - 09 13 39 40 78
00505 - 09 13 39 41 45
00506 - 09 13 39 49 54
00507 - 09 13 39 50 63
00508 - 09 13 39 56 68
00509 - 09 13 40 45 50
00510 - 09 13 40 54 63
00511 - 09 13 41 49 56
00512 - 09 13 41 50 68
00513 - 09 13 45 50 54
00514 - 09 13 45 63 72
00515 - 09 13 49 50 78
00516 - 09 13 49 68 72
00517 - 09 13 50 56 72
00518 - 09 13 54 72 78
00519 - 09 13 56 63 72
00520 - 09 13 63 68 78
00521 - 09 28 33 39 78
00522 - 09 28 33 45 68
00523 - 09 28 33 49 72
00524 - 09 28 33 50 54
00525 - 09 28 33 63 68
00526 - 09 28 38 39 40
00527 - 09 28 38 41 49
00528 - 09 28 38 45 54
00529 - 09 28 38 56 63
00530 - 09 28 38 72 78
00531 - 09 28 39 40 63
00532 - 09 28 39 45 49
00533 - 09 28 39 50 78
00534 - 09 28 39 54 56
00535 - 09 28 39 68 72
00536 - 09 28 40 41 54
00537 - 09 28 40 45 68
00538 - 09 28 40 50 72
00539 - 09 28 40 56 78
00540 - 09 28 41 45 63
00541 - 09 28 41 50 56
00542 - 09 28 41 68 78
00543 - 09 28 45 50 72
00544 - 09 28 45 56 68
00545 - 09 28 49 50 68
00546 - 09 28 49 54 78
00547 - 09 28 54 63 72
00548 - 09 28 54 68 72
00549 - 09 33 38 39 50
00550 - 09 33 38 40 45
00551 - 09 33 38 41 49
00552 - 09 33 38 63 72
00553 - 09 33 38 68 78
00554 - 09 33 39 40 56
00555 - 09 33 39 41 78
00556 - 09 33 39 49 63
00557 - 09 33 39 54 63
00558 - 09 33 40 49 68
00559 - 09 33 40 54 72
00560 - 09 33 40 63 78
00561 - 09 33 41 45 50
00562 - 09 33 41 54 56
00563 - 09 33 41 68 72
00564 - 09 33 45 49 54
00565 - 09 33 45 49 63
00566 - 09 33 45 56 72
00567 - 09 33 49 56 78
00568 - 09 33 50 56 68
00569 - 09 33 50 72 78
00570 - 09 38 39 41 72
00571 - 09 38 39 45 56
00572 - 09 38 39 54 68
00573 - 09 38 40 41 56
00574 - 09 38 40 50 56
00575 - 09 38 40 54 78
00576 - 09 38 40 63 68
00577 - 09 38 41 45 78
00578 - 09 38 41 50 63
00579 - 09 38 45 49 72
00580 - 09 38 49 50 54
00581 - 09 38 49 56 68
00582 - 09 38 49 63 78
00583 - 09 38 50 68 72
00584 - 09 38 54 56 72
00585 - 09 39 40 41 68
00586 - 09 39 40 45 72
00587 - 09 39 40 49 50
00588 - 09 39 40 50 72
00589 - 09 39 41 50 54
00590 - 09 39 41 56 63
00591 - 09 39 45 50 68
00592 - 09 39 45 54 78
00593 - 09 39 45 63 68
00594 - 09 39 49 56 72
00595 - 09 39 49 68 78
00596 - 09 39 63 72 78
00597 - 09 40 41 45 49
00598 - 09 40 41 50 78
00599 - 09 40 41 63 72
00600 - 09 40 45 56 78
00601 - 09 40 49 54 56
00602 - 09 40 49 72 78
00603 - 09 40 50 54 68
00604 - 09 40 50 56 63
00605 - 09 40 56 68 78
00606 - 09 41 45 54 68
00607 - 09 41 49 54 72
00608 - 09 41 49 63 68
00609 - 09 41 54 63 78
00610 - 09 41 56 72 78
00611 - 09 45 49 50 56
00612 - 09 45 50 63 78
00613 - 09 45 54 56 63
00614 - 09 45 68 72 78
00615 - 09 49 50 63 72
00616 - 09 50 54 56 78
00617 - 09 50 54 63 68
00618 - 09 56 63 68 72
00619 - 13 28 33 38 41
00620 - 13 28 33 38 63
00621 - 13 28 33 39 54
00622 - 13 28 33 49 78
00623 - 13 28 33 50 68
00624 - 13 28 38 39 49
00625 - 13 28 38 41 45
00626 - 13 28 38 54 68
00627 - 13 28 38 56 72
00628 - 13 28 39 40 68
00629 - 13 28 39 41 50
00630 - 13 28 39 45 56
00631 - 13 28 39 49 72
00632 - 13 28 39 63 78
00633 - 13 28 40 41 78
00634 - 13 28 40 45 49
00635 - 13 28 40 50 56
00636 - 13 28 40 54 68
00637 - 13 28 40 63 72
00638 - 13 28 41 49 54
00639 - 13 28 41 56 68
00640 - 13 28 45 50 63
00641 - 13 28 45 54 72
00642 - 13 28 49 54 56
00643 - 13 28 50 54 78
00644 - 13 28 68 72 78
00645 - 13 33 38 40 78
00646 - 13 33 38 49 72
00647 - 13 33 38 54 56
00648 - 13 33 38 68 72
00649 - 13 33 39 40 41
00650 - 13 33 39 45 50
00651 - 13 33 39 49 56
00652 - 13 33 39 63 68
00653 - 13 33 40 41 68
00654 - 13 33 40 49 50
00655 - 13 33 40 54 78
00656 - 13 33 40 56 63
00657 - 13 33 41 45 56
00658 - 13 33 41 49 72
00659 - 13 33 41 63 78
00660 - 13 33 45 49 68
00661 - 13 33 45 54 63
00662 - 13 33 45 72 78
00663 - 13 33 49 63 72
00664 - 13 33 50 54 72
00665 - 13 33 50 56 78
00666 - 13 38 39 40 54
00667 - 13 38 39 41 49
00668 - 13 38 39 45 50
00669 - 13 38 39 72 78
00670 - 13 38 40 41 63
00671 - 13 38 40 45 78
00672 - 13 38 40 50 68
00673 - 13 38 40 56 68
00674 - 13 38 41 50 72
00675 - 13 38 41 68 78
00676 - 13 38 45 49 54
00677 - 13 38 45 56 63
00678 - 13 38 49 50 56
00679 - 13 38 49 50 68
00680 - 13 38 50 63 78
00681 - 13 38 54 63 72
00682 - 13 39 40 49 63
00683 - 13 39 40 56 72
00684 - 13 39 41 45 63
00685 - 13 39 41 54 63
00686 - 13 39 41 56 78
00687 - 13 39 41 68 72
00688 - 13 39 45 49 78
00689 - 13 39 45 54 68
00690 - 13 39 50 54 56
00691 - 13 39 50 63 72
00692 - 13 39 50 68 78
00693 - 13 40 41 45 72
00694 - 13 40 41 50 54
00695 - 13 40 45 54 56
00696 - 13 40 45 63 68
00697 - 13 40 49 54 72
00698 - 13 40 49 56 78
00699 - 13 40 49 68 72
00700 - 13 40 50 72 78
00701 - 13 41 45 49 50
00702 - 13 41 45 54 78
00703 - 13 41 49 63 78
00704 - 13 41 50 56 63
00705 - 13 41 54 56 72
00706 - 13 41 54 63 68
00707 - 13 41 63 72 78
00708 - 13 45 49 56 72
00709 - 13 45 50 68 72
00710 - 13 45 56 68 78
00711 - 13 49 50 54 63
00712 - 13 49 54 68 78
00713 - 13 49 56 63 68
00714 - 13 54 56 63 78
00715 - 13 54 56 68 72
00716 - 28 33 38 39 45
00717 - 28 33 38 39 68
00718 - 28 33 38 40 56
00719 - 28 33 38 50 78
00720 - 28 33 38 54 72
00721 - 28 33 39 40 50
00722 - 28 33 39 45 49
00723 - 28 33 39 56 72
00724 - 28 33 40 41 72
00725 - 28 33 40 45 54
00726 - 28 33 40 49 63
00727 - 28 33 40 68 78
00728 - 28 33 41 45 78
00729 - 28 33 41 49 50
00730 - 28 33 41 54 63
00731 - 28 33 41 56 72
00732 - 28 33 45 50 56
00733 - 28 33 45 63 72
00734 - 28 33 49 54 68
00735 - 28 33 50 56 63
00736 - 28 33 54 56 78
00737 - 28 38 39 41 78
00738 - 28 38 39 56 63
00739 - 28 38 40 41 45
00740 - 28 38 40 49 54
00741 - 28 38 40 50 63
00742 - 28 38 40 68 72
00743 - 28 38 41 45 72
00744 - 28 38 41 50 54
00745 - 28 38 41 56 78
00746 - 28 38 41 63 68
00747 - 28 38 45 49 63
00748 - 28 38 45 68 78
00749 - 28 38 49 50 72
00750 - 28 38 49 56 68
00751 - 28 38 54 63 78
00752 - 28 39 40 41 56
00753 - 28 39 40 45 50
00754 - 28 39 40 49 54
00755 - 28 39 41 45 68
00756 - 28 39 41 49 78
00757 - 28 39 41 54 72
00758 - 28 39 41 63 72
00759 - 28 39 45 72 78
00760 - 28 39 49 50 56
00761 - 28 39 49 63 68
00762 - 28 39 50 54 63
00763 - 28 39 50 54 72
00764 - 28 39 54 68 78
00765 - 28 40 41 50 68
00766 - 28 40 45 49 68
00767 - 28 40 45 56 68
00768 - 28 40 45 63 78
00769 - 28 40 49 50 78
00770 - 28 40 49 56 72
00771 - 28 40 54 56 63
00772 - 28 40 54 72 78
00773 - 28 41 45 54 56
00774 - 28 41 49 56 63
00775 - 28 41 49 68 72
00776 - 28 41 50 63 78
00777 - 28 45 49 50 54
00778 - 28 45 49 56 78
00779 - 28 45 50 68 78
00780 - 28 45 54 63 68
00781 - 28 45 56 68 72
00782 - 28 49 63 72 78
00783 - 28 50 54 56 68
00784 - 28 50 56 72 78
00785 - 28 50 63 68 72
00786 - 28 56 63 68 78
00787 - 33 38 39 40 49
00788 - 33 38 39 40 72
00789 - 33 38 39 41 63
00790 - 33 38 39 54 78
00791 - 33 38 40 41 54
00792 - 33 38 40 49 50
00793 - 33 38 41 49 56
00794 - 33 38 41 50 68
00795 - 33 38 41 72 78
00796 - 33 38 45 49 78
00797 - 33 38 45 50 54
00798 - 33 38 45 56 68
00799 - 33 38 49 54 63
00800 - 33 38 50 56 72
00801 - 33 38 54 63 68
00802 - 33 38 56 63 78
00803 - 33 39 40 45 78
00804 - 33 39 40 63 68
00805 - 33 39 41 45 49
00806 - 33 39 41 50 56
00807 - 33 39 41 54 68
00808 - 33 39 45 54 56
00809 - 33 39 45 63 78
00810 - 33 39 45 68 72
00811 - 33 39 49 50 68
00812 - 33 39 49 72 78
00813 - 33 39 50 63 72
00814 - 33 39 56 68 78
00815 - 33 40 41 45 63
00816 - 33 40 41 49 54
00817 - 33 40 41 50 56
00818 - 33 40 45 49 72
00819 - 33 40 45 50 78
00820 - 33 40 50 54 63
00821 - 33 40 50 68 72
00822 - 33 40 54 56 68
00823 - 33 40 56 72 78
00824 - 33 41 45 54 72
00825 - 33 41 49 50 72
00826 - 33 41 49 63 72
00827 - 33 41 49 68 78
00828 - 33 41 50 54 78
00829 - 33 41 56 63 68
00830 - 33 45 49 56 63
00831 - 33 45 50 63 68
00832 - 33 45 54 68 78
00833 - 33 49 50 54 56
00834 - 33 49 50 63 78
00835 - 33 49 54 72 78
00836 - 33 49 56 68 72
00837 - 33 54 56 63 72
00838 - 33 63 68 72 78
00839 - 38 39 40 41 50
00840 - 38 39 40 45 68
00841 - 38 39 40 56 78
00842 - 38 39 41 45 56
00843 - 38 39 41 50 54
00844 - 38 39 45 50 63
00845 - 38 39 45 54 72
00846 - 38 39 49 50 78
00847 - 38 39 49 54 56
00848 - 38 39 49 63 72
00849 - 38 39 50 56 68
00850 - 38 39 56 68 72
00851 - 38 39 63 68 78
00852 - 38 40 41 49 78
00853 - 38 40 41 68 72
00854 - 38 40 45 49 50
00855 - 38 40 45 54 63
00856 - 38 40 45 56 72
00857 - 38 40 49 56 63
00858 - 38 40 49 68 78
00859 - 38 40 50 54 72
00860 - 38 40 63 72 78
00861 - 38 41 45 49 68
00862 - 38 41 45 50 56
00863 - 38 41 45 54 63
00864 - 38 41 49 54 78
00865 - 38 41 54 56 68
00866 - 38 41 56 63 72
00867 - 38 45 50 72 78
00868 - 38 45 54 56 78
00869 - 38 45 63 68 72
00870 - 38 49 50 63 68
00871 - 38 49 54 68 72
00872 - 38 49 56 72 78
00873 - 38 50 54 56 63
00874 - 38 50 54 68 78
00875 - 39 40 41 45 54
00876 - 39 40 41 49 72
00877 - 39 40 41 63 78
00878 - 39 40 45 49 63
00879 - 39 40 45 54 56
00880 - 39 40 49 54 68
00881 - 39 40 50 54 78
00882 - 39 40 50 56 63
00883 - 39 40 54 63 72
00884 - 39 40 68 72 78
00885 - 39 41 45 50 78
00886 - 39 41 49 50 54
00887 - 39 41 49 56 68
00888 - 39 41 50 63 68
00889 - 39 41 50 72 78
00890 - 39 45 49 50 72
00891 - 39 45 49 54 63
00892 - 39 45 49 56 68
00893 - 39 45 50 56 78
00894 - 39 45 56 63 72
00895 - 39 49 56 63 78
00896 - 39 50 54 68 72
00897 - 39 54 56 63 68
00898 - 39 54 56 72 78
00899 - 40 41 45 49 56
00900 - 40 41 45 68 78
00901 - 40 41 49 50 68
00902 - 40 41 49 56 63
00903 - 40 41 50 56 72
00904 - 40 41 54 56 78
00905 - 40 41 54 63 68
00906 - 40 45 49 54 78
00907 - 40 45 50 54 56
00908 - 40 45 50 63 72
00909 - 40 45 54 68 72
00910 - 40 49 50 56 68
00911 - 40 49 50 63 72
00912 - 40 49 54 63 78
00913 - 40 50 63 68 78
00914 - 40 56 63 68 72
00915 - 41 45 49 50 63
00916 - 41 45 49 72 78
00917 - 41 45 50 54 72
00918 - 41 45 50 63 68
00919 - 41 45 56 63 78
00920 - 41 45 56 68 72
00921 - 41 49 50 56 78
00922 - 41 49 54 56 63
00923 - 41 50 54 63 72
00924 - 41 50 56 68 78
00925 - 41 54 68 72 78
00926 - 45 49 50 54 68
00927 - 45 49 54 68 72
00928 - 45 49 63 68 78
00929 - 45 50 54 63 78
00930 - 45 50 56 63 68
00931 - 45 54 63 72 78
00932 - 49 50 54 56 72
00933 - 49 50 68 72 78
00934 - 49 54 56 68 78
00935 - 49 54 63 68 72
00936 - 50 56 63 72 78