00001 - 01 03 24 36 39
00002 - 01 04 21 28 36
00003 - 01 04 25 33 36
00004 - 01 04 32 34 40
00005 - 01 05 23 32 40
00006 - 01 06 10 35 40
00007 - 01 06 23 26 37
00008 - 01 06 27 31 39
00009 - 01 07 15 36 40
00010 - 01 07 20 30 36
00011 - 01 07 21 32 37
00012 - 01 07 24 35 38
00013 - 01 08 22 35 36
00014 - 01 08 23 33 34
00015 - 01 08 24 31 32
00016 - 01 09 12 31 40
00017 - 01 09 28 32 34
00018 - 01 09 28 33 36
00019 - 01 10 22 27 30
00020 - 01 10 29 36 39
00021 - 01 11 16 38 40
00022 - 01 12 16 32 39
00023 - 01 13 18 33 40
00024 - 01 13 21 27 30
00025 - 01 14 20 32 34
00026 - 01 14 27 33 40
00027 - 01 15 18 28 31
00028 - 01 15 20 25 39
00029 - 01 15 22 24 40
00030 - 01 15 22 29 33
00031 - 01 15 23 33 40
00032 - 01 15 26 32 35
00033 - 01 16 21 33 35
00034 - 01 16 29 35 37
00035 - 01 17 29 34 40
00036 - 01 19 25 26 30
00037 - 01 19 26 36 38
00038 - 01 19 30 32 40
00039 - 01 20 25 37 40
00040 - 01 21 26 39 40
00041 - 01 22 26 32 34
00042 - 01 22 28 37 38
00043 - 01 23 27 36 38
00044 - 01 23 28 35 39
00045 - 01 24 27 34 37
00046 - 01 25 29 32 38
00047 - 01 26 29 31 35
00048 - 01 26 29 33 37
00049 - 02 03 24 31 35
00050 - 02 03 26 33 39
00051 - 02 03 31 35 40
00052 - 02 04 21 35 40
00053 - 02 04 33 36 40
00054 - 02 05 11 36 37
00055 - 02 05 27 31 35
00056 - 02 05 32 38 40
00057 - 02 06 23 32 38
00058 - 02 06 34 37 40
00059 - 02 07 19 24 39
00060 - 02 07 23 31 36
00061 - 02 07 24 32 37
00062 - 02 07 27 34 40
00063 - 02 08 19 28 33
00064 - 02 08 25 32 39
00065 - 02 08 25 34 36
00066 - 02 08 26 31 38
00067 - 02 09 13 33 39
00068 - 02 09 26 32 35
00069 - 02 10 15 26 38
00070 - 02 10 21 27 33
00071 - 02 10 23 33 39
00072 - 02 10 26 29 30
00073 - 02 10 27 37 38
00074 - 02 11 20 24 33
00075 - 02 11 22 39 40
00076 - 02 11 28 31 32
00077 - 02 12 29 31 39
00078 - 02 12 29 36 40
00079 - 02 13 18 20 37
00080 - 02 13 19 21 36
00081 - 02 14 19 31 37
00082 - 02 14 20 35 39
00083 - 02 15 20 23 34
00084 - 02 15 20 28 30
00085 - 02 16 17 22 36
00086 - 02 16 23 28 37
00087 - 02 16 25 31 33
00088 - 02 17 26 30 31
00089 - 02 18 19 30 38
00090 - 02 18 28 34 39
00091 - 02 23 25 35 37
00092 - 02 25 30 38 40
00093 - 02 27 28 36 39
00094 - 02 28 29 33 35
00095 - 02 28 29 34 38
00096 - 03 04 37 38 40
00097 - 03 05 16 32 37
00098 - 03 05 18 25 40
00099 - 03 05 22 35 39
00100 - 03 05 34 36 40
00101 - 03 06 21 30 32
00102 - 03 06 29 31 34
00103 - 03 06 32 33 40
00104 - 03 07 23 32 37
00105 - 03 07 24 33 34
00106 - 03 07 26 35 36
00107 - 03 08 13 35 36
00108 - 03 08 27 31 32
00109 - 03 08 28 34 39
00110 - 03 08 29 38 40
00111 - 03 09 25 33 34
00112 - 03 10 17 25 39
00113 - 03 10 20 24 34
00114 - 03 10 24 32 40
00115 - 03 10 26 34 37
00116 - 03 11 26 32 38
00117 - 03 12 23 31 35
00118 - 03 12 28 33 37
00119 - 03 12 30 34 40
00120 - 03 13 14 24 37
00121 - 03 13 17 34 38
00122 - 03 13 20 22 32
00123 - 03 14 16 23 40
00124 - 03 14 17 25 32
00125 - 03 14 20 22 33
00126 - 03 14 22 23 34
00127 - 03 14 27 35 38
00128 - 03 14 28 33 38
00129 - 03 15 21 34 35
00130 - 03 15 22 36 37
00131 - 03 15 27 39 40
00132 - 03 16 18 21 39
00133 - 03 17 19 22 40
00134 - 03 17 20 29 35
00135 - 03 17 20 31 37
00136 - 03 18 19 31 32
00137 - 03 18 21 37 38
00138 - 03 19 20 25 38
00139 - 03 25 28 35 36
00140 - 03 26 28 31 40
00141 - 03 27 29 36 37
00142 - 04 05 25 28 30
00143 - 04 05 26 31 34
00144 - 04 05 26 35 40
00145 - 04 05 26 36 37
00146 - 04 06 18 34 39
00147 - 04 06 21 25 38
00148 - 04 06 21 30 33
00149 - 04 07 13 32 38
00150 - 04 07 17 25 40
00151 - 04 07 26 27 30
00152 - 04 07 27 33 39
00153 - 04 07 28 31 35
00154 - 04 08 16 38 39
00155 - 04 08 24 25 40
00156 - 04 08 24 33 37
00157 - 04 08 29 31 32
00158 - 04 08 29 34 35
00159 - 04 09 15 33 38
00160 - 04 09 19 33 40
00161 - 04 09 27 35 37
00162 - 04 10 19 27 31
00163 - 04 10 19 37 39
00164 - 04 10 26 32 33
00165 - 04 11 17 36 39
00166 - 04 11 23 27 34
00167 - 04 11 25 32 37
00168 - 04 11 27 38 40
00169 - 04 12 16 25 35
00170 - 04 12 19 25 34
00171 - 04 12 24 37 38
00172 - 04 12 26 38 39
00173 - 04 13 28 34 37
00174 - 04 13 29 33 36
00175 - 04 13 30 35 40
00176 - 04 14 21 22 36
00177 - 04 14 22 25 39
00178 - 04 14 22 35 40
00179 - 04 14 29 37 38
00180 - 04 15 22 25 30
00181 - 04 15 23 28 32
00182 - 04 15 23 35 37
00183 - 04 16 17 22 37
00184 - 04 16 20 28 33
00185 - 04 16 22 30 31
00186 - 04 16 23 30 39
00187 - 04 18 23 31 40
00188 - 04 18 24 35 36
00189 - 04 20 23 36 38
00190 - 04 20 28 35 40
00191 - 04 28 29 39 40
00192 - 05 06 19 35 40
00193 - 05 06 25 37 39
00194 - 05 06 30 39 40
00195 - 05 07 31 33 40
00196 - 05 08 13 24 40
00197 - 05 08 20 24 39
00198 - 05 08 21 26 32
00199 - 05 08 27 33 36
00200 - 05 09 14 28 37
00201 - 05 09 20 37 38
00202 - 05 09 27 32 34
00203 - 05 09 29 31 38
00204 - 05 09 35 39 40
00205 - 05 10 14 26 39
00206 - 05 10 28 31 36
00207 - 05 10 28 32 35
00208 - 05 11 18 31 35
00209 - 05 11 28 33 39
00210 - 05 11 28 38 40
00211 - 05 11 29 32 34
00212 - 05 12 16 27 40
00213 - 05 12 27 38 39
00214 - 05 13 19 22 34
00215 - 05 13 20 22 36
00216 - 05 13 21 38 39
00217 - 05 14 17 23 35
00218 - 05 14 17 28 29
00219 - 05 14 24 29 36
00220 - 05 14 26 33 38
00221 - 05 15 17 34 37
00222 - 05 15 17 39 40
00223 - 05 15 19 30 33
00224 - 05 16 23 25 36
00225 - 05 16 24 31 38
00226 - 05 18 20 29 33
00227 - 05 18 23 36 39
00228 - 05 18 24 27 37
00229 - 05 19 28 29 30
00230 - 05 21 22 37 40
00231 - 05 21 24 33 35
00232 - 05 23 25 33 38
00233 - 06 07 16 27 38
00234 - 06 07 17 26 38
00235 - 06 07 26 33 40
00236 - 06 07 27 35 36
00237 - 06 08 22 23 40
00238 - 06 08 26 35 39
00239 - 06 08 28 36 37
00240 - 06 08 31 38 40
00241 - 06 09 22 34 36
00242 - 06 09 28 35 40
00243 - 06 10 16 33 39
00244 - 06 10 17 24 37
00245 - 06 10 19 34 38
00246 - 06 10 21 29 32
00247 - 06 11 15 33 35
00248 - 06 11 19 25 33
00249 - 06 11 20 29 39
00250 - 06 11 21 28 30
00251 - 06 11 25 36 40
00252 - 06 12 21 29 33
00253 - 06 12 23 24 36
00254 - 06 12 27 33 37
00255 - 06 12 29 35 38
00256 - 06 13 18 30 36
00257 - 06 13 19 23 31
00258 - 06 13 20 28 38
00259 - 06 13 21 25 32
00260 - 06 13 21 26 34
00261 - 06 13 22 24 39
00262 - 06 13 26 27 32
00263 - 06 13 29 37 40
00264 - 06 14 16 27 30
00265 - 06 14 19 21 39
00266 - 06 14 19 32 35
00267 - 06 15 19 26 27
00268 - 06 15 23 36 39
00269 - 06 15 25 31 34
00270 - 06 16 20 29 30
00271 - 06 17 18 25 28
00272 - 06 17 20 34 36
00273 - 06 17 24 25 30
00274 - 06 17 28 31 39
00275 - 06 17 30 35 40
00276 - 06 18 20 27 40
00277 - 06 18 24 28 33
00278 - 06 18 25 30 35
00279 - 06 18 29 36 40
00280 - 06 19 20 23 30
00281 - 06 21 22 31 35
00282 - 06 23 24 34 35
00283 - 07 08 18 31 36
00284 - 07 08 35 37 40
00285 - 07 09 14 23 39
00286 - 07 09 29 35 36
00287 - 07 09 34 38 40
00288 - 07 10 18 22 33
00289 - 07 10 18 25 37
00290 - 07 10 21 23 35
00291 - 07 10 22 29 40
00292 - 07 10 29 33 38
00293 - 07 10 32 39 40
00294 - 07 12 13 28 36
00295 - 07 12 19 22 37
00296 - 07 12 19 23 40
00297 - 07 12 20 30 35
00298 - 07 12 21 23 34
00299 - 07 12 25 29 30
00300 - 07 13 18 35 39
00301 - 07 13 20 22 31
00302 - 07 13 20 29 34
00303 - 07 13 21 33 40
00304 - 07 13 24 29 31
00305 - 07 13 25 28 37
00306 - 07 13 28 29 30
00307 - 07 13 28 33 40
00308 - 07 14 16 28 34
00309 - 07 14 19 33 36
00310 - 07 14 24 30 40
00311 - 07 15 16 27 31
00312 - 07 15 21 28 38
00313 - 07 15 22 30 34
00314 - 07 16 20 28 39
00315 - 07 16 20 36 38
00316 - 07 16 22 28 30
00317 - 07 16 26 28 32
00318 - 07 16 30 37 40
00319 - 07 17 24 34 36
00320 - 07 18 23 34 38
00321 - 07 18 25 32 34
00322 - 07 18 27 30 32
00323 - 07 19 20 37 40
00324 - 07 19 22 29 35
00325 - 07 19 26 31 34
00326 - 07 21 25 36 39
00327 - 08 09 32 36 40
00328 - 08 10 17 30 32
00329 - 08 10 18 20 35
00330 - 08 10 22 25 35
00331 - 08 10 22 31 37
00332 - 08 11 24 26 34
00333 - 08 11 24 29 35
00334 - 08 11 26 37 40
00335 - 08 12 20 30 31
00336 - 08 12 20 34 37
00337 - 08 12 21 23 39
00338 - 08 12 21 24 30
00339 - 08 12 33 39 40
00340 - 08 13 19 30 34
00341 - 08 13 27 34 39
00342 - 08 14 20 23 32
00343 - 08 14 21 23 38
00344 - 08 14 21 31 34
00345 - 08 14 21 37 40
00346 - 08 14 24 29 39
00347 - 08 15 17 29 31
00348 - 08 15 18 34 40
00349 - 08 15 22 26 33
00350 - 08 15 25 37 38
00351 - 08 16 17 26 30
00352 - 08 16 17 28 40
00353 - 08 16 19 27 37
00354 - 08 16 19 29 36
00355 - 08 16 21 26 35
00356 - 08 16 23 28 31
00357 - 08 17 22 34 38
00358 - 08 17 23 36 37
00359 - 08 17 25 29 33
00360 - 08 18 29 30 37
00361 - 08 19 22 31 32
00362 - 08 19 23 27 35
00363 - 08 19 27 38 40
00364 - 09 10 11 21 39
00365 - 09 10 14 24 33
00366 - 09 10 16 31 38
00367 - 09 10 20 21 37
00368 - 09 11 18 28 29
00369 - 09 11 18 32 33
00370 - 09 11 21 24 38
00371 - 09 11 22 28 40
00372 - 09 12 19 23 38
00373 - 09 13 14 24 35
00374 - 09 13 20 25 36
00375 - 09 13 20 30 33
00376 - 09 13 22 26 33
00377 - 09 13 23 24 32
00378 - 09 13 23 31 34
00379 - 09 13 27 31 36
00380 - 09 14 22 26 37
00381 - 09 14 22 30 38
00382 - 09 14 23 26 31
00383 - 09 14 28 31 39
00384 - 09 14 29 33 40
00385 - 09 15 24 26 30
00386 - 09 15 24 29 37
00387 - 09 16 17 25 37
00388 - 09 16 27 39 40
00389 - 09 17 18 30 34
00390 - 09 17 19 24 36
00391 - 09 17 21 33 40
00392 - 09 17 22 31 39
00393 - 09 17 22 32 35
00394 - 09 17 27 28 38
00395 - 09 18 20 24 30
00396 - 09 18 22 30 40
00397 - 09 18 25 36 39
00398 - 09 18 28 35 37
00399 - 09 19 21 28 31
00400 - 09 19 25 32 35
00401 - 09 20 26 34 39
00402 - 09 21 23 35 36
00403 - 09 23 24 37 40
00404 - 09 25 26 38 40
00405 - 10 11 20 23 38
00406 - 10 11 25 28 34
00407 - 10 11 31 37 40
00408 - 10 13 25 30 38
00409 - 10 13 36 38 40
00410 - 10 14 21 29 31
00411 - 10 14 27 29 34
00412 - 10 15 24 27 36
00413 - 10 15 28 33 39
00414 - 10 15 29 35 37
00415 - 10 17 25 30 36
00416 - 10 18 24 31 39
00417 - 10 19 24 26 35
00418 - 10 19 25 33 40
00419 - 10 19 28 30 37
00420 - 10 21 24 34 38
00421 - 10 22 27 35 39
00422 - 10 23 25 31 32
00423 - 11 12 23 29 37
00424 - 11 12 25 38 39
00425 - 11 12 35 36 40
00426 - 11 13 23 26 35
00427 - 11 13 23 36 40
00428 - 11 14 33 34 40
00429 - 11 15 21 28 37
00430 - 11 15 21 29 40
00431 - 11 15 24 30 33
00432 - 11 15 27 29 30
00433 - 11 16 23 25 30
00434 - 11 16 23 30 32
00435 - 11 16 24 27 39
00436 - 11 16 27 33 35
00437 - 11 16 29 31 33
00438 - 11 17 20 32 40
00439 - 11 17 22 29 38
00440 - 11 18 27 31 39
00441 - 11 19 24 37 40
00442 - 11 19 28 35 36
00443 - 11 20 21 34 35
00444 - 11 20 27 36 37
00445 - 11 21 24 32 36
00446 - 11 21 30 39 40
00447 - 11 23 26 31 39
00448 - 12 13 22 25 40
00449 - 12 14 21 33 35
00450 - 12 14 25 33 37
00451 - 12 14 32 37 40
00452 - 12 15 20 32 33
00453 - 12 15 22 24 39
00454 - 12 16 27 29 32
00455 - 12 18 22 25 31
00456 - 12 18 26 34 37
00457 - 12 19 20 28 39
00458 - 12 20 21 38 40
00459 - 12 23 26 32 33
00460 - 12 24 28 31 32
00461 - 12 25 26 32 36
00462 - 12 26 27 31 35
00463 - 13 14 28 29 32
00464 - 13 14 28 29 35
00465 - 13 15 24 26 38
00466 - 13 15 31 32 40
00467 - 13 16 25 29 39
00468 - 13 16 34 35 40
00469 - 13 17 37 39 40
00470 - 13 19 25 26 37
00471 - 13 22 27 37 38
00472 - 13 24 25 33 34
00473 - 13 25 27 35 40
00474 - 13 26 28 31 39
00475 - 14 15 20 37 38
00476 - 14 15 25 28 40
00477 - 14 17 24 28 32
00478 - 14 17 31 36 40
00479 - 14 18 23 29 30
00480 - 14 18 23 33 37
00481 - 14 18 26 31 32
00482 - 14 18 38 39 40
00483 - 14 20 27 30 39
00484 - 14 25 26 34 35
00485 - 14 25 27 31 36
00486 - 15 16 26 34 39
00487 - 15 16 33 37 40
00488 - 15 17 26 28 36
00489 - 15 18 29 34 39
00490 - 15 19 24 31 34
00491 - 15 19 35 38 40
00492 - 15 21 26 31 36
00493 - 15 22 23 31 38
00494 - 15 22 24 32 35
00495 - 15 27 28 34 35
00496 - 15 27 29 32 38
00497 - 16 18 23 35 38
00498 - 16 19 22 33 35
00499 - 16 19 31 39 40
00500 - 16 20 24 35 37
00501 - 16 21 22 34 39
00502 - 16 21 26 37 38
00503 - 16 21 28 30 35
00504 - 16 22 25 32 40
00505 - 16 22 25 34 38
00506 - 16 24 29 34 40
00507 - 17 21 23 32 34
00508 - 17 21 25 35 38
00509 - 17 23 24 31 33
00510 - 17 23 26 38 40
00511 - 17 24 26 32 39
00512 - 17 24 27 35 40
00513 - 17 25 27 31 34
00514 - 17 26 28 33 34
00515 - 17 26 28 35 37
00516 - 17 27 29 36 39
00517 - 18 19 26 33 39
00518 - 18 19 36 37 40
00519 - 18 21 27 34 36
00520 - 18 21 32 35 40
00521 - 18 23 29 31 32
00522 - 18 25 27 33 38
00523 - 18 26 29 35 38
00524 - 19 20 27 33 34
00525 - 19 20 29 31 38
00526 - 19 21 28 34 40
00527 - 19 23 27 32 39
00528 - 19 24 28 32 38
00529 - 19 26 29 32 40
00530 - 20 22 31 34 40
00531 - 20 23 33 35 40
00532 - 20 24 36 39 40
00533 - 22 24 33 38 40
00534 - 23 25 34 39 40
00535 - 23 28 30 36 40
00536 - 27 28 32 37 40
00537 - 27 29 30 31 40
00538 - 41 42 50 61 64
00539 - 41 42 51 60 69
00540 - 41 42 53 58 64
00541 - 41 42 56 57 62
00542 - 41 42 59 61 74
00543 - 41 42 60 61 78
00544 - 41 42 62 65 74
00545 - 41 43 51 53 68
00546 - 41 43 53 54 60
00547 - 41 43 54 56 65
00548 - 41 43 58 67 75
00549 - 41 43 64 76 79
00550 - 41 44 50 62 72
00551 - 41 44 51 64 70
00552 - 41 44 52 63 66
00553 - 41 44 55 58 77
00554 - 41 44 56 63 69
00555 - 41 44 56 67 68
00556 - 41 44 61 68 76
00557 - 41 44 65 73 76
00558 - 41 45 50 59 68
00559 - 41 45 52 62 65
00560 - 41 45 55 56 70
00561 - 41 45 58 66 69
00562 - 41 45 60 63 71
00563 - 41 45 63 72 80
00564 - 41 46 50 63 65
00565 - 41 46 50 75 80
00566 - 41 46 51 62 77
00567 - 41 46 53 60 65
00568 - 41 46 54 57 66
00569 - 41 46 54 58 68
00570 - 41 46 58 62 68
00571 - 41 46 63 66 77
00572 - 41 46 67 71 79
00573 - 41 47 50 58 63
00574 - 41 47 51 62 66
00575 - 41 47 54 61 70
00576 - 41 47 55 76 80
00577 - 41 47 60 70 76
00578 - 41 47 61 72 77
00579 - 41 47 64 75 78
00580 - 41 48 50 60 73
00581 - 41 48 51 58 65
00582 - 41 48 53 59 63
00583 - 41 48 54 57 79
00584 - 41 48 55 66 69
00585 - 41 48 58 62 79
00586 - 41 48 62 75 76
00587 - 41 48 63 73 74
00588 - 41 48 64 71 72
00589 - 41 49 52 58 67
00590 - 41 49 52 71 80
00591 - 41 49 53 62 69
00592 - 41 49 54 59 64
00593 - 41 49 55 60 75
00594 - 41 49 57 69 70
00595 - 41 49 68 72 74
00596 - 41 49 68 73 76
00597 - 41 50 51 67 72
00598 - 41 50 55 60 62
00599 - 41 50 59 63 76
00600 - 41 50 62 67 70
00601 - 41 51 56 78 80
00602 - 41 52 56 72 79
00603 - 41 52 58 68 70
00604 - 41 52 59 64 73
00605 - 41 53 58 73 80
00606 - 41 53 61 67 70
00607 - 41 54 56 60 71
00608 - 41 54 60 72 74
00609 - 41 55 58 68 71
00610 - 41 55 60 65 79
00611 - 41 55 62 64 80
00612 - 41 55 62 69 73
00613 - 41 55 66 72 75
00614 - 41 56 58 60 61
00615 - 41 56 61 73 75
00616 - 41 57 59 60 68
00617 - 41 59 65 66 70
00618 - 42 43 51 61 63
00619 - 42 43 53 66 70
00620 - 42 43 56 58 60
00621 - 42 43 56 59 69
00622 - 42 43 56 62 71
00623 - 42 43 62 64 78
00624 - 42 43 64 67 70
00625 - 42 43 64 71 75
00626 - 42 43 66 73 79
00627 - 42 44 54 55 66
00628 - 42 44 55 58 67
00629 - 42 44 55 61 79
00630 - 42 44 61 75 80
00631 - 42 45 51 76 77
00632 - 42 45 52 73 74
00633 - 42 45 56 57 79
00634 - 42 45 56 60 68
00635 - 42 45 57 59 66
00636 - 42 45 57 67 72
00637 - 42 45 58 61 65
00638 - 42 45 67 71 75
00639 - 42 46 50 57 67
00640 - 42 46 51 54 64
00641 - 42 46 57 62 73
00642 - 42 46 58 69 70
00643 - 42 46 63 72 78
00644 - 42 47 50 60 65
00645 - 42 47 51 59 70
00646 - 42 47 53 57 68
00647 - 42 47 54 65 78
00648 - 42 47 55 66 77
00649 - 42 47 57 64 69
00650 - 42 47 59 64 79
00651 - 42 47 63 71 76
00652 - 42 47 64 72 77
00653 - 42 47 67 74 80
00654 - 42 48 53 61 62
00655 - 42 48 53 64 76
00656 - 42 48 55 57 75
00657 - 42 48 55 59 64
00658 - 42 48 59 68 73
00659 - 42 48 65 72 79
00660 - 42 48 65 74 76
00661 - 42 48 66 71 78
00662 - 42 49 50 55 80
00663 - 42 49 50 59 63
00664 - 42 49 53 54 74
00665 - 42 49 53 55 65
00666 - 42 49 53 73 79
00667 - 42 49 54 65 70
00668 - 42 49 59 60 67
00669 - 42 49 66 72 75
00670 - 42 50 51 62 68
00671 - 42 50 55 60 71
00672 - 42 50 55 66 78
00673 - 42 50 57 60 63
00674 - 42 50 61 67 73
00675 - 42 50 63 73 79
00676 - 42 50 66 69 70
00677 - 42 51 52 66 67
00678 - 42 51 53 62 75
00679 - 42 51 53 65 67
00680 - 42 51 59 60 72
00681 - 42 51 60 64 73
00682 - 42 51 68 71 72
00683 - 42 52 54 60 61
00684 - 42 52 57 61 77
00685 - 42 52 57 63 65
00686 - 42 52 58 63 68
00687 - 42 53 58 60 77
00688 - 42 53 58 61 71
00689 - 42 53 59 61 76
00690 - 42 54 55 60 76
00691 - 42 54 59 66 68
00692 - 42 54 59 71 77
00693 - 42 54 60 75 79
00694 - 42 55 56 61 72
00695 - 42 55 56 63 67
00696 - 42 55 57 61 70
00697 - 42 55 58 61 73
00698 - 42 55 60 63 74
00699 - 42 55 60 68 70
00700 - 42 56 57 62 76
00701 - 42 56 63 68 77
00702 - 42 56 65 71 73
00703 - 42 57 66 70 71
00704 - 42 58 59 61 66
00705 - 42 58 59 70 78
00706 - 43 44 51 65 67
00707 - 43 44 52 59 63
00708 - 43 44 53 60 79
00709 - 43 44 53 62 64
00710 - 43 45 50 73 78
00711 - 43 45 54 62 71
00712 - 43 45 56 61 64
00713 - 43 45 56 72 77
00714 - 43 45 57 61 76
00715 - 43 45 58 64 68
00716 - 43 45 58 65 80
00717 - 43 45 62 75 79
00718 - 43 45 63 66 70
00719 - 43 46 50 51 69
00720 - 43 46 50 59 76
00721 - 43 46 54 61 62
00722 - 43 46 55 56 78
00723 - 43 46 56 67 74
00724 - 43 46 57 60 66
00725 - 43 46 61 70 72
00726 - 43 46 69 71 74
00727 - 43 47 51 58 80
00728 - 43 47 57 61 66
00729 - 43 47 59 64 65
00730 - 43 47 63 72 77
00731 - 43 47 64 73 74
00732 - 43 47 66 75 76
00733 - 43 48 52 58 66
00734 - 43 48 53 57 65
00735 - 43 48 53 75 76
00736 - 43 48 55 68 72
00737 - 43 48 58 61 73
00738 - 43 48 59 61 67
00739 - 43 48 67 71 72
00740 - 43 49 50 55 67
00741 - 43 49 50 56 75
00742 - 43 49 52 61 69
00743 - 43 49 53 60 80
00744 - 43 49 57 62 68
00745 - 43 49 65 73 74
00746 - 43 50 54 63 64
00747 - 43 50 57 65 79
00748 - 43 50 59 62 66
00749 - 43 50 60 64 74
00750 - 43 50 61 65 70
00751 - 43 50 64 72 80
00752 - 43 50 66 74 77
00753 - 43 51 54 63 76
00754 - 43 51 60 62 70
00755 - 43 51 66 72 78
00756 - 43 52 56 62 67
00757 - 43 52 58 60 76
00758 - 43 52 63 71 75
00759 - 43 53 54 64 77
00760 - 43 53 57 74 78
00761 - 43 53 60 62 72
00762 - 43 54 56 63 80
00763 - 43 54 57 65 72
00764 - 43 54 58 61 68
00765 - 43 54 60 62 73
00766 - 43 54 62 63 74
00767 - 43 55 61 74 75
00768 - 43 56 58 61 79
00769 - 43 57 59 62 80
00770 - 43 57 60 69 75
00771 - 43 57 60 71 77
00772 - 43 58 59 71 72
00773 - 43 59 60 65 78
00774 - 44 45 50 60 66
00775 - 44 45 51 62 69
00776 - 44 45 55 57 67
00777 - 44 45 57 59 78
00778 - 44 45 58 62 73
00779 - 44 45 59 61 70
00780 - 44 45 65 68 70
00781 - 44 45 66 71 74
00782 - 44 45 66 75 80
00783 - 44 45 66 76 77
00784 - 44 46 52 55 80
00785 - 44 46 52 57 72
00786 - 44 46 58 74 79
00787 - 44 46 60 61 77
00788 - 44 46 61 65 78
00789 - 44 46 61 70 73
00790 - 44 47 51 53 63
00791 - 44 47 53 72 78
00792 - 44 47 55 59 60
00793 - 44 47 57 65 80
00794 - 44 47 59 60 72
00795 - 44 47 66 67 70
00796 - 44 47 67 73 79
00797 - 44 47 68 71 75
00798 - 44 48 51 59 66
00799 - 44 48 51 60 71
00800 - 44 48 52 55 76
00801 - 44 48 53 59 68
00802 - 44 48 53 65 71
00803 - 44 48 56 63 73
00804 - 44 48 56 64 67
00805 - 44 48 56 78 79
00806 - 44 48 64 65 80
00807 - 44 48 64 73 77
00808 - 44 48 69 71 72
00809 - 44 48 69 74 75
00810 - 44 49 50 56 76
00811 - 44 49 51 60 63
00812 - 44 49 52 53 67
00813 - 44 49 54 58 68
00814 - 44 49 54 61 72
00815 - 44 49 55 61 74
00816 - 44 49 55 73 78
00817 - 44 49 56 62 66
00818 - 44 49 59 73 80
00819 - 44 50 51 62 74
00820 - 44 50 51 63 68
00821 - 44 50 52 61 62
00822 - 44 50 55 64 69
00823 - 44 50 59 67 71
00824 - 44 50 59 77 79
00825 - 44 50 66 72 73
00826 - 44 51 52 62 73
00827 - 44 51 57 76 79
00828 - 44 51 63 67 74
00829 - 44 51 65 72 77
00830 - 44 52 56 61 71
00831 - 44 52 56 65 75
00832 - 44 52 59 65 74
00833 - 44 53 58 63 70
00834 - 44 54 57 60 70
00835 - 44 54 61 62 76
00836 - 44 54 62 65 79
00837 - 44 55 62 65 70
00838 - 44 55 63 68 72
00839 - 44 56 57 62 77
00840 - 44 56 60 68 73
00841 - 44 56 62 70 71
00842 - 44 57 59 62 64
00843 - 45 46 51 57 63
00844 - 45 46 52 59 64
00845 - 45 46 53 60 75
00846 - 45 46 58 62 78
00847 - 45 46 59 75 80
00848 - 45 46 60 64 72
00849 - 45 47 50 57 70
00850 - 45 47 51 55 64
00851 - 45 47 51 58 65
00852 - 45 47 54 59 62
00853 - 45 47 56 66 69
00854 - 45 48 50 53 69
00855 - 45 48 52 58 72
00856 - 45 48 52 59 60
00857 - 45 48 53 64 80
00858 - 45 48 54 61 63
00859 - 45 48 58 67 70
00860 - 45 48 60 64 79
00861 - 45 48 61 66 72
00862 - 45 48 67 73 76
00863 - 45 49 50 64 65
00864 - 45 49 51 52 70
00865 - 45 49 54 68 77
00866 - 45 49 56 59 67
00867 - 45 49 57 58 62
00868 - 45 49 57 60 61
00869 - 45 49 60 77 78
00870 - 45 49 67 72 74
00871 - 45 50 51 61 67
00872 - 45 50 53 62 63
00873 - 45 50 53 63 77
00874 - 45 50 54 66 79
00875 - 45 50 56 63 74
00876 - 45 50 68 71 76
00877 - 45 50 68 72 75
00878 - 45 51 53 66 68
00879 - 45 51 54 60 68
00880 - 45 51 54 62 72
00881 - 45 51 58 71 75
00882 - 45 52 55 61 66
00883 - 45 52 56 67 80
00884 - 45 53 54 64 70
00885 - 45 53 55 63 68
00886 - 45 53 59 62 74
00887 - 45 53 60 62 76
00888 - 45 54 57 63 75
00889 - 45 54 57 68 69
00890 - 45 54 64 69 76
00891 - 45 55 57 74 77
00892 - 45 55 58 60 63
00893 - 45 55 59 70 73
00894 - 45 56 63 65 76
00895 - 45 58 60 69 73
00896 - 46 47 50 59 61
00897 - 46 47 51 52 74
00898 - 46 47 51 55 72
00899 - 46 47 52 54 71
00900 - 46 47 52 55 79
00901 - 46 47 52 57 62
00902 - 46 47 53 58 64
00903 - 46 47 55 58 70
00904 - 46 47 56 67 78
00905 - 46 47 57 66 78
00906 - 46 47 60 63 73
00907 - 46 48 53 54 73
00908 - 46 48 53 55 70
00909 - 46 48 53 56 72
00910 - 46 48 54 59 65
00911 - 46 48 56 58 63
00912 - 46 48 62 63 80
00913 - 46 49 52 54 63
00914 - 46 49 55 59 77
00915 - 46 49 55 60 62
00916 - 46 49 58 60 71
00917 - 46 49 62 74 76
00918 - 46 50 53 67 68
00919 - 46 50 56 73 79
00920 - 46 50 57 64 77
00921 - 46 50 58 60 61
00922 - 46 50 59 74 78
00923 - 46 50 61 69 72
00924 - 46 51 54 64 71
00925 - 46 51 55 73 75
00926 - 46 51 59 65 73
00927 - 46 51 60 69 79
00928 - 46 51 61 68 70
00929 - 46 52 61 69 73
00930 - 46 52 63 64 76
00931 - 46 53 58 70 76
00932 - 46 53 59 63 71
00933 - 46 53 60 68 78
00934 - 46 53 61 65 72
00935 - 46 53 61 66 74
00936 - 46 53 62 64 79
00937 - 46 53 66 67 72
00938 - 46 54 56 67 70
00939 - 46 54 59 61 79
00940 - 46 54 59 72 75
00941 - 46 55 59 66 67
00942 - 46 56 60 69 70
00943 - 46 57 58 65 68
00944 - 46 57 64 65 70
00945 - 46 58 64 68 73
00946 - 46 59 60 63 70
00947 - 47 48 51 61 69
00948 - 47 48 52 53 65
00949 - 47 48 54 64 66
00950 - 47 48 54 68 70
00951 - 47 48 55 65 66
00952 - 47 48 56 62 65
00953 - 47 48 57 59 63
00954 - 47 48 58 71 76
00955 - 47 49 50 62 69
00956 - 47 49 52 56 73
00957 - 47 49 52 59 66
00958 - 47 49 53 60 66
00959 - 47 49 54 63 79
00960 - 47 49 58 66 68
00961 - 47 50 51 60 64
00962 - 47 50 51 62 76
00963 - 47 50 52 64 67
00964 - 47 50 55 66 68
00965 - 47 50 56 60 63
00966 - 47 50 58 62 73
00967 - 47 50 58 65 77
00968 - 47 50 61 63 75
00969 - 47 50 62 69 80
00970 - 47 52 53 68 76
00971 - 47 52 56 61 63
00972 - 47 52 59 62 77
00973 - 47 52 59 63 80
00974 - 47 52 60 70 75
00975 - 47 52 61 63 74
00976 - 47 52 65 69 70
00977 - 47 53 59 62 68
00978 - 47 53 60 62 71
00979 - 47 53 60 69 74
00980 - 47 53 64 69 71
00981 - 47 53 65 68 77
00982 - 47 53 68 69 70
00983 - 47 54 56 68 74
00984 - 47 54 59 73 76
00985 - 47 55 56 67 71
00986 - 47 55 61 68 78
00987 - 47 55 62 70 74
00988 - 47 56 60 68 79
00989 - 47 56 62 68 70
00990 - 47 56 66 68 72
00991 - 48 49 53 64 68
00992 - 48 49 54 56 69
00993 - 48 49 59 62 70
00994 - 48 50 52 61 76
00995 - 48 50 57 70 72
00996 - 48 50 58 60 75
00997 - 48 50 62 65 75
00998 - 48 50 62 71 77
00999 - 48 51 52 62 63
01000 - 48 51 64 66 74
01001 - 48 51 64 69 75
01002 - 48 52 60 70 71
01003 - 48 52 61 63 79
01004 - 48 52 61 64 70
01005 - 48 53 55 66 67
01006 - 48 53 59 70 74
01007 - 48 54 60 63 72
01008 - 48 54 61 63 78
01009 - 48 54 61 71 74
01010 - 48 55 57 69 71
01011 - 48 55 58 60 61
01012 - 48 55 62 66 73
01013 - 48 56 57 66 70
01014 - 48 56 57 68 80
01015 - 48 56 59 67 77
01016 - 48 56 59 69 76
01017 - 48 56 61 66 75
01018 - 48 56 63 68 71
01019 - 48 57 58 60 64
01020 - 49 50 51 61 79
01021 - 49 50 52 60 68
01022 - 49 50 54 61 66
01023 - 49 50 54 64 73
01024 - 49 50 56 60 72
01025 - 49 50 56 71 78
01026 - 49 50 60 61 77
01027 - 49 51 54 62 67
01028 - 49 51 58 68 69
01029 - 49 51 58 72 73
01030 - 49 51 61 64 78
01031 - 49 51 62 68 80
01032 - 49 52 59 63 78
01033 - 49 53 54 64 75
01034 - 49 53 56 61 70
01035 - 49 53 60 65 76
01036 - 49 53 60 70 73
01037 - 49 53 62 66 73
01038 - 49 53 63 64 72
01039 - 49 53 63 71 74
01040 - 49 54 62 66 77
01041 - 49 54 63 66 71
01042 - 49 55 56 60 66
01043 - 49 55 64 66 70
01044 - 49 56 57 63 64
01045 - 49 56 57 65 77
01046 - 49 57 58 70 74
01047 - 49 57 59 64 76
01048 - 49 58 60 64 70
01049 - 49 59 61 68 71
01050 - 50 51 60 63 78
01051 - 50 51 65 68 74
01052 - 50 54 61 69 71
01053 - 51 53 63 66 75
01054 - 51 56 63 65 70
01055 - 52 58 62 65 71