00001 - 01 04 06 34 35 44
00002 - 01 04 09 29 37 40
00003 - 01 04 13 20 34 35
00004 - 01 04 20 32 38 46
00005 - 01 06 09 35 37 38
00006 - 01 06 13 32 35 40
00007 - 01 06 20 29 35 46
00008 - 01 09 13 20 37 46
00009 - 01 09 32 34 37 44
00010 - 01 13 29 32 38 40
00011 - 01 13 29 34 38 44
00012 - 01 20 34 40 44 46
00013 - 04 06 09 13 34 46
00014 - 04 06 09 40 44 46
00015 - 04 06 13 32 38 44
00016 - 04 06 20 29 37 44
00017 - 04 09 13 20 34 40
00018 - 04 09 32 35 38 40
00019 - 04 13 29 35 37 46
00020 - 04 29 32 34 37 38
00021 - 06 09 13 20 29 32
00022 - 06 13 32 34 37 46
00023 - 06 20 29 34 38 40
00024 - 06 20 37 38 40 46
00025 - 09 13 20 35 38 44
00026 - 09 20 29 32 44 46
00027 - 09 29 34 35 37 44
00028 - 09 29 34 35 38 46
00029 - 13 37 38 40 44 46
00030 - 20 32 34 35 37 40
00031 - 29 32 35 40 44 46
