00001 - 01 02 03 04 05 06 07 09 14 16 17 19 20 23 24 25
00002 - 01 02 03 04 05 07 09 12 13 14 16 17 19 21 23 24
00003 - 01 02 03 05 06 08 10 11 12 13 15 16 18 22 24 25
00004 - 01 02 03 05 06 08 12 14 15 16 17 18 19 20 23 25
00005 - 01 02 03 08 09 12 13 14 16 17 18 21 22 23 24 25
00006 - 01 02 03 10 12 13 14 15 17 19 20 21 22 23 24 25
00007 - 01 02 04 05 06 09 13 15 17 18 20 21 22 23 24 25
00008 - 01 03 04 05 07 08 09 11 12 16 17 18 19 20 21 25
00009 - 01 03 05 06 12 14 15 16 17 18 19 20 21 23 24 25
00010 - 01 03 07 10 12 13 14 15 18 19 20 21 22 23 24 25
00011 - 01 04 05 07 09 11 12 13 16 17 18 19 22 23 24 25
00012 - 01 04 05 08 09 11 12 13 15 16 17 21 22 23 24 25
00013 - 01 04 06 07 08 09 10 12 13 14 15 17 20 21 22 24
00014 - 01 05 06 07 08 09 10 11 13 16 18 19 20 21 23 24
00015 - 02 03 04 05 07 08 09 11 14 16 18 19 20 21 24 25
00016 - 02 03 04 06 07 09 10 11 12 13 14 16 18 19 20 22
00017 - 02 03 04 06 08 09 11 12 13 14 15 16 20 21 22 25
00018 - 02 03 05 07 09 10 12 13 15 16 19 21 22 23 24 25
00019 - 02 03 09 11 12 13 14 16 17 19 20 21 22 23 24 25
00020 - 02 04 05 07 08 10 11 13 14 15 17 18 20 21 24 25
00021 - 02 05 06 07 08 10 11 15 16 18 19 20 21 22 23 24
00022 - 03 04 07 08 09 10 12 13 14 15 16 17 18 20 21 22
00023 - 01 02 03 04 05 06 08 10 11 12 13 14 15 16 19
00024 - 01 02 03 04 05 06 08 10 11 12 13 14 15 20 21
00025 - 01 02 03 04 05 06 08 10 11 12 13 14 15 22 23
00026 - 01 02 03 04 05 06 08 10 11 12 13 14 16 20 22
00027 - 01 02 03 04 05 06 08 10 11 12 13 14 16 21 23
00028 - 01 02 03 04 05 06 08 10 11 12 13 14 19 20 23
00029 - 01 02 03 04 05 06 08 10 11 12 13 14 19 21 22
00030 - 01 02 03 04 05 06 08 10 11 12 13 15 16 20 23
00031 - 01 02 03 04 05 06 08 10 11 12 13 15 16 21 22
00032 - 01 02 03 04 05 06 08 10 11 12 13 15 19 20 22
00033 - 01 02 03 04 05 06 08 10 11 12 13 15 19 21 23
00034 - 01 02 03 04 05 06 08 10 11 12 13 16 19 20 21
00035 - 01 02 03 04 05 06 08 10 11 12 13 16 19 22 23
00036 - 01 02 03 04 05 06 08 10 11 12 13 20 21 22 23
00037 - 01 02 03 04 05 06 08 10 11 12 14 15 16 20 25
00038 - 01 02 03 04 05 06 08 10 11 12 14 15 19 21 25
00039 - 01 02 03 04 05 06 08 10 11 12 14 16 19 22 25
00040 - 01 02 03 04 05 06 08 10 11 12 14 20 21 22 25
00041 - 01 02 03 04 05 06 08 10 11 12 15 16 19 23 25
00042 - 01 02 03 04 05 06 08 10 11 12 15 20 21 23 25
00043 - 01 02 03 04 05 06 08 10 11 12 16 20 22 23 25
00044 - 01 02 03 04 05 06 08 10 11 12 19 21 22 23 25
00045 - 01 02 03 04 05 06 08 10 11 13 14 15 16 21 25
00046 - 01 02 03 04 05 06 08 10 11 13 14 15 19 20 25
00047 - 01 02 03 04 05 06 08 10 11 13 14 16 19 23 25
00048 - 01 02 03 04 05 06 08 10 11 13 14 20 21 23 25
00049 - 01 02 03 04 05 06 08 10 11 13 15 16 19 22 25
00050 - 01 02 03 04 05 06 08 10 11 13 15 20 21 22 25
00051 - 01 02 03 04 05 06 08 10 11 13 16 21 22 23 25
00052 - 01 02 03 04 05 06 08 10 11 13 19 20 22 23 25
00053 - 01 02 03 04 05 06 08 10 11 14 15 16 19 20 21
00054 - 01 02 03 04 05 06 08 10 11 14 15 16 19 22 23
00055 - 01 02 03 04 05 06 08 10 11 14 15 20 21 22 23
00056 - 01 02 03 04 05 06 08 10 11 16 19 20 21 22 23
00057 - 01 02 03 04 05 06 08 10 12 13 14 15 16 22 25
00058 - 01 02 03 04 05 06 08 10 12 13 14 15 19 23 25
00059 - 01 02 03 04 05 06 08 10 12 13 14 16 19 20 25
00060 - 01 02 03 04 05 06 08 10 12 13 14 20 22 23 25
00061 - 01 02 03 04 05 06 08 10 12 13 15 16 19 21 25
00062 - 01 02 03 04 05 06 08 10 12 13 15 21 22 23 25
00063 - 01 02 03 04 05 06 08 10 12 13 16 20 21 22 25
00064 - 01 02 03 04 05 06 08 10 12 13 19 20 21 23 25
00065 - 01 02 03 04 05 06 08 10 12 14 15 16 19 20 22
00066 - 01 02 03 04 05 06 08 10 12 14 15 16 19 21 23
00067 - 01 02 03 04 05 06 08 10 12 14 16 20 21 22 23
00068 - 01 02 03 04 05 06 08 10 12 15 19 20 21 22 23
00069 - 01 02 03 04 05 06 08 10 13 14 15 16 19 20 23
00070 - 01 02 03 04 05 06 08 10 13 14 15 16 19 21 22
00071 - 01 02 03 04 05 06 08 10 13 14 19 20 21 22 23
00072 - 01 02 03 04 05 06 08 10 13 15 16 20 21 22 23
00073 - 01 02 03 04 05 06 08 10 14 15 16 20 21 22 25
00074 - 01 02 03 04 05 06 08 10 14 15 19 20 21 23 25
00075 - 01 02 03 04 05 06 08 10 14 16 19 20 22 23 25
00076 - 01 02 03 04 05 06 08 10 15 16 19 21 22 23 25
00077 - 01 02 03 04 05 06 08 11 12 13 14 15 16 23 25
00078 - 01 02 03 04 05 06 08 11 12 13 14 15 19 22 25
00079 - 01 02 03 04 05 06 08 11 12 13 14 16 19 21 25
00080 - 01 02 03 04 05 06 08 11 12 13 14 21 22 23 25
00081 - 01 02 03 04 05 06 08 11 12 13 15 16 19 20 25
00082 - 01 02 03 04 05 06 08 11 12 13 15 20 22 23 25
00083 - 01 02 03 04 05 06 08 11 12 13 16 20 21 23 25
00084 - 01 02 03 04 05 06 08 11 12 13 19 20 21 22 25
00085 - 01 02 03 04 05 06 08 11 12 14 15 16 19 20 23
00086 - 01 02 03 04 05 06 08 11 12 14 15 16 19 21 22
00087 - 01 02 03 04 05 06 08 11 12 14 19 20 21 22 23
00088 - 01 02 03 04 05 06 08 11 12 15 16 20 21 22 23
00089 - 01 02 03 04 05 06 08 11 13 14 15 16 19 20 22
00090 - 01 02 03 04 05 06 08 11 13 14 15 16 19 21 23
00091 - 01 02 03 04 05 06 08 11 13 14 16 20 21 22 23
00092 - 01 02 03 04 05 06 08 11 13 15 19 20 21 22 23
00093 - 01 02 03 04 05 06 08 11 14 15 16 20 21 23 25
00094 - 01 02 03 04 05 06 08 11 14 15 19 20 21 22 25
00095 - 01 02 03 04 05 06 08 11 14 16 19 21 22 23 25
00096 - 01 02 03 04 05 06 08 11 15 16 19 20 22 23 25
00097 - 01 02 03 04 05 06 08 12 13 14 15 16 19 20 21
00098 - 01 02 03 04 05 06 08 12 13 14 15 16 19 22 23
00099 - 01 02 03 04 05 06 08 12 13 14 15 20 21 22 23
00100 - 01 02 03 04 05 06 08 12 13 16 19 20 21 22 23
00101 - 01 02 03 04 05 06 08 12 14 15 16 20 22 23 25
00102 - 01 02 03 04 05 06 08 12 14 15 19 21 22 23 25
00103 - 01 02 03 04 05 06 08 12 14 16 19 20 21 22 25
00104 - 01 02 03 04 05 06 08 12 15 16 19 20 21 23 25
00105 - 01 02 03 04 05 06 08 13 14 15 16 21 22 23 25
00106 - 01 02 03 04 05 06 08 13 14 15 19 20 22 23 25
00107 - 01 02 03 04 05 06 08 13 14 16 19 20 21 23 25
00108 - 01 02 03 04 05 06 08 13 15 16 19 20 21 22 25
00109 - 01 02 03 04 05 06 08 14 15 16 19 20 21 22 23
00110 - 01 02 03 04 05 06 10 11 12 13 14 15 20 22 25
00111 - 01 02 03 04 05 06 10 11 12 13 14 15 21 23 25
00112 - 01 02 03 04 05 06 10 11 12 13 14 16 20 21 25
00113 - 01 02 03 04 05 06 10 11 12 13 14 16 22 23 25
00114 - 01 02 03 04 05 06 10 11 12 13 15 19 20 21 25
00115 - 01 02 03 04 05 06 10 11 12 13 15 19 22 23 25
00116 - 01 02 03 04 05 06 10 11 12 13 16 19 20 22 25
00117 - 01 02 03 04 05 06 10 11 12 13 16 19 21 23 25
00118 - 01 02 03 04 05 06 10 11 12 14 15 16 20 21 22
00119 - 01 02 03 04 05 06 10 11 12 14 15 19 20 21 23
00120 - 01 02 03 04 05 06 10 11 12 14 16 19 20 22 23
00121 - 01 02 03 04 05 06 10 11 12 15 16 19 21 22 23
00122 - 01 02 03 04 05 06 10 11 13 14 15 16 20 21 23
00123 - 01 02 03 04 05 06 10 11 13 14 15 19 20 21 22
00124 - 01 02 03 04 05 06 10 11 13 14 16 19 21 22 23
00125 - 01 02 03 04 05 06 10 11 13 15 16 19 20 22 23
00126 - 01 02 03 04 05 06 10 11 14 15 16 19 20 22 25
00127 - 01 02 03 04 05 06 10 11 14 15 16 19 21 23 25
00128 - 01 02 03 04 05 06 10 11 14 16 20 21 22 23 25
00129 - 01 02 03 04 05 06 10 11 15 19 20 21 22 23 25
00130 - 01 02 03 04 05 06 10 12 13 14 15 16 20 22 23
00131 - 01 02 03 04 05 06 10 12 13 14 15 19 21 22 23
00132 - 01 02 03 04 05 06 10 12 13 14 16 19 20 21 22
00133 - 01 02 03 04 05 06 10 12 13 15 16 19 20 21 23
00134 - 01 02 03 04 05 06 10 12 14 15 16 19 20 21 25
00135 - 01 02 03 04 05 06 10 12 14 15 16 19 22 23 25
00136 - 01 02 03 04 05 06 10 12 14 15 20 21 22 23 25
00137 - 01 02 03 04 05 06 10 12 16 19 20 21 22 23 25
00138 - 01 02 03 04 05 06 11 12 13 14 15 16 21 22 23
00139 - 01 02 03 04 05 06 11 12 13 14 15 19 20 22 23
00140 - 01 02 03 04 05 06 11 12 13 14 16 19 20 21 23
00141 - 01 02 03 04 05 06 11 12 13 15 16 19 20 21 22
00142 - 01 02 03 04 05 06 11 13 14 15 16 19 20 21 25
00143 - 01 02 03 04 05 06 11 13 14 15 16 19 22 23 25
00144 - 01 02 03 04 05 06 11 13 14 15 20 21 22 23 25
00145 - 01 02 03 04 05 06 11 13 16 19 20 21 22 23 25
00146 - 01 02 03 04 05 06 12 13 14 15 16 19 20 22 25
00147 - 01 02 03 04 05 06 12 13 14 15 16 19 21 23 25
00148 - 01 02 03 04 05 06 12 13 14 16 20 21 22 23 25
00149 - 01 02 03 04 05 06 12 13 15 19 20 21 22 23 25
00150 - 01 02 03 04 05 08 10 11 12 13 14 15 20 23 25
00151 - 01 02 03 04 05 08 10 11 12 13 14 15 21 22 25
00152 - 01 02 03 04 05 08 10 11 12 13 14 19 20 21 25
00153 - 01 02 03 04 05 08 10 11 12 13 14 19 22 23 25
00154 - 01 02 03 04 05 08 10 11 12 13 15 16 20 21 25
00155 - 01 02 03 04 05 08 10 11 12 13 15 16 22 23 25
00156 - 01 02 03 04 05 08 10 11 12 13 16 19 20 23 25
00157 - 01 02 03 04 05 08 10 11 12 13 16 19 21 22 25
00158 - 01 02 03 04 05 08 10 11 12 14 15 16 20 21 23
00159 - 01 02 03 04 05 08 10 11 12 14 15 19 20 21 22
00160 - 01 02 03 04 05 08 10 11 12 14 16 19 21 22 23
00161 - 01 02 03 04 05 08 10 11 12 15 16 19 20 22 23
00162 - 01 02 03 04 05 08 10 11 13 14 15 16 20 21 22
00163 - 01 02 03 04 05 08 10 11 13 14 15 19 20 21 23
00164 - 01 02 03 04 05 08 10 11 13 14 16 19 20 22 23
00165 - 01 02 03 04 05 08 10 11 13 15 16 19 21 22 23
00166 - 01 02 03 04 05 08 10 11 14 15 16 19 20 23 25
00167 - 01 02 03 04 05 08 10 11 14 15 16 19 21 22 25
00168 - 01 02 03 04 05 08 10 11 14 19 20 21 22 23 25
00169 - 01 02 03 04 05 08 10 11 15 16 20 21 22 23 25
00170 - 01 02 03 04 05 08 10 12 13 14 15 16 21 22 23
00171 - 01 02 03 04 05 08 10 12 13 14 15 19 20 22 23
00172 - 01 02 03 04 05 08 10 12 13 14 16 19 20 21 23
00173 - 01 02 03 04 05 08 10 12 13 15 16 19 20 21 22
00174 - 01 02 03 04 05 08 10 13 14 15 16 19 20 21 25
00175 - 01 02 03 04 05 08 10 13 14 15 16 19 22 23 25
00176 - 01 02 03 04 05 08 10 13 14 15 20 21 22 23 25
00177 - 01 02 03 04 05 08 10 13 16 19 20 21 22 23 25
00178 - 01 02 03 04 05 08 11 12 13 14 15 16 20 22 23
00179 - 01 02 03 04 05 08 11 12 13 14 15 19 21 22 23
00180 - 01 02 03 04 05 08 11 12 13 14 16 19 20 21 22
00181 - 01 02 03 04 05 08 11 12 13 15 16 19 20 21 23
00182 - 01 02 03 04 05 08 11 12 14 15 16 19 20 21 25
00183 - 01 02 03 04 05 08 11 12 14 15 16 19 22 23 25
00184 - 01 02 03 04 05 08 11 12 14 15 20 21 22 23 25
00185 - 01 02 03 04 05 08 11 12 16 19 20 21 22 23 25
00186 - 01 02 03 04 05 08 12 13 14 15 16 19 20 23 25
00187 - 01 02 03 04 05 08 12 13 14 15 16 19 21 22 25
00188 - 01 02 03 04 05 08 12 13 14 19 20 21 22 23 25
00189 - 01 02 03 04 05 08 12 13 15 16 20 21 22 23 25
00190 - 01 02 03 04 05 10 11 12 13 14 15 16 19 20 21
00191 - 01 02 03 04 05 10 11 12 13 14 15 16 19 22 23
00192 - 01 02 03 04 05 10 11 12 13 14 15 20 21 22 23
00193 - 01 02 03 04 05 10 11 12 13 16 19 20 21 22 23
00194 - 01 02 03 04 05 10 11 12 14 15 16 20 22 23 25
00195 - 01 02 03 04 05 10 11 12 14 15 19 21 22 23 25
00196 - 01 02 03 04 05 10 11 12 14 16 19 20 21 22 25
00197 - 01 02 03 04 05 10 11 12 15 16 19 20 21 23 25
00198 - 01 02 03 04 05 10 11 13 14 15 16 21 22 23 25
00199 - 01 02 03 04 05 10 11 13 14 15 19 20 22 23 25
00200 - 01 02 03 04 05 10 11 13 14 16 19 20 21 23 25
00201 - 01 02 03 04 05 10 11 13 15 16 19 20 21 22 25
00202 - 01 02 03 04 05 10 11 14 15 16 19 20 21 22 23
00203 - 01 02 03 04 05 10 12 13 14 15 16 20 21 22 25
00204 - 01 02 03 04 05 10 12 13 14 15 19 20 21 23 25
00205 - 01 02 03 04 05 10 12 13 14 16 19 20 22 23 25
00206 - 01 02 03 04 05 10 12 13 15 16 19 21 22 23 25
00207 - 01 02 03 04 05 11 12 13 14 15 16 20 21 23 25
00208 - 01 02 03 04 05 11 12 13 14 15 19 20 21 22 25
00209 - 01 02 03 04 05 11 12 13 14 16 19 21 22 23 25
00210 - 01 02 03 04 05 11 12 13 15 16 19 20 22 23 25
00211 - 01 02 03 04 05 12 13 14 15 16 19 20 21 22 23
00212 - 01 02 03 04 06 08 10 11 12 13 14 16 20 23 25
00213 - 01 02 03 04 06 08 10 11 12 13 14 16 21 22 25
00214 - 01 02 03 04 06 08 10 11 12 13 14 19 20 22 25
00215 - 01 02 03 04 06 08 10 11 12 13 14 19 21 23 25
00216 - 01 02 03 04 06 08 10 11 12 13 15 16 20 22 25
00217 - 01 02 03 04 06 08 10 11 12 13 15 16 21 23 25
00218 - 01 02 03 04 06 08 10 11 12 13 15 19 20 23 25
00219 - 01 02 03 04 06 08 10 11 12 13 15 19 21 22 25
00220 - 01 02 03 04 06 08 10 11 12 14 15 16 20 22 23
00221 - 01 02 03 04 06 08 10 11 12 14 15 19 21 22 23
00222 - 01 02 03 04 06 08 10 11 12 14 16 19 20 21 22
00223 - 01 02 03 04 06 08 10 11 12 15 16 19 20 21 23
00224 - 01 02 03 04 06 08 10 11 13 14 15 16 21 22 23
00225 - 01 02 03 04 06 08 10 11 13 14 15 19 20 22 23
00226 - 01 02 03 04 06 08 10 11 13 14 16 19 20 21 23
00227 - 01 02 03 04 06 08 10 11 13 15 16 19 20 21 22
00228 - 01 02 03 04 06 08 10 12 13 14 15 16 20 21 22
00229 - 01 02 03 04 06 08 10 12 13 14 15 19 20 21 23
00230 - 01 02 03 04 06 08 10 12 13 14 16 19 20 22 23
00231 - 01 02 03 04 06 08 10 12 13 15 16 19 21 22 23
00232 - 01 02 03 04 06 08 10 12 14 15 16 19 20 23 25
00233 - 01 02 03 04 06 08 10 12 14 15 16 19 21 22 25
00234 - 01 02 03 04 06 08 10 12 14 19 20 21 22 23 25
00235 - 01 02 03 04 06 08 10 12 15 16 20 21 22 23 25
00236 - 01 02 03 04 06 08 10 13 14 15 16 19 20 22 25
00237 - 01 02 03 04 06 08 10 13 14 15 16 19 21 23 25
00238 - 01 02 03 04 06 08 10 13 14 16 20 21 22 23 25
00239 - 01 02 03 04 06 08 10 13 15 19 20 21 22 23 25
00240 - 01 02 03 04 06 08 11 12 13 14 15 16 20 21 23
00241 - 01 02 03 04 06 08 11 12 13 14 15 19 20 21 22
00242 - 01 02 03 04 06 08 11 12 13 14 16 19 21 22 23
00243 - 01 02 03 04 06 08 11 12 13 15 16 19 20 22 23
00244 - 01 02 03 04 06 08 11 12 14 15 16 19 20 22 25
00245 - 01 02 03 04 06 08 11 12 14 15 16 19 21 23 25
00246 - 01 02 03 04 06 08 11 12 14 16 20 21 22 23 25
00247 - 01 02 03 04 06 08 11 12 15 19 20 21 22 23 25
00248 - 01 02 03 04 06 08 11 13 14 15 16 19 20 23 25
00249 - 01 02 03 04 06 08 11 13 14 15 16 19 21 22 25
00250 - 01 02 03 04 06 08 11 13 14 19 20 21 22 23 25
00251 - 01 02 03 04 06 08 11 13 15 16 20 21 22 23 25
00252 - 01 02 03 04 06 10 11 12 13 14 15 16 19 20 22
00253 - 01 02 03 04 06 10 11 12 13 14 15 16 19 21 23
00254 - 01 02 03 04 06 10 11 12 13 14 16 20 21 22 23
00255 - 01 02 03 04 06 10 11 12 13 15 19 20 21 22 23
00256 - 01 02 03 04 06 10 11 12 14 15 16 20 21 23 25
00257 - 01 02 03 04 06 10 11 12 14 15 19 20 21 22 25
00258 - 01 02 03 04 06 10 11 12 14 16 19 21 22 23 25
00259 - 01 02 03 04 06 10 11 12 15 16 19 20 22 23 25
00260 - 01 02 03 04 06 10 11 13 14 15 16 20 21 22 25
00261 - 01 02 03 04 06 10 11 13 14 15 19 20 21 23 25
00262 - 01 02 03 04 06 10 11 13 14 16 19 20 22 23 25
00263 - 01 02 03 04 06 10 11 13 15 16 19 21 22 23 25
00264 - 01 02 03 04 06 10 12 13 14 15 16 21 22 23 25
00265 - 01 02 03 04 06 10 12 13 14 15 19 20 22 23 25
00266 - 01 02 03 04 06 10 12 13 14 16 19 20 21 23 25
00267 - 01 02 03 04 06 10 12 13 15 16 19 20 21 22 25
00268 - 01 02 03 04 06 10 12 14 15 16 19 20 21 22 23
00269 - 01 02 03 04 06 11 12 13 14 15 16 20 22 23 25
00270 - 01 02 03 04 06 11 12 13 14 15 19 21 22 23 25
00271 - 01 02 03 04 06 11 12 13 14 16 19 20 21 22 25
00272 - 01 02 03 04 06 11 12 13 15 16 19 20 21 23 25
00273 - 01 02 03 04 06 11 13 14 15 16 19 20 21 22 23
00274 - 01 02 03 04 08 10 11 12 13 14 15 16 19 20 23
00275 - 01 02 03 04 08 10 11 12 13 14 15 16 19 21 22
00276 - 01 02 03 04 08 10 11 12 13 14 19 20 21 22 23
00277 - 01 02 03 04 08 10 11 12 13 15 16 20 21 22 23
00278 - 01 02 03 04 08 10 11 12 14 15 16 20 21 22 25
00279 - 01 02 03 04 08 10 11 12 14 15 19 20 21 23 25
00280 - 01 02 03 04 08 10 11 12 14 16 19 20 22 23 25
00281 - 01 02 03 04 08 10 11 12 15 16 19 21 22 23 25
00282 - 01 02 03 04 08 10 11 13 14 15 16 20 21 23 25
00283 - 01 02 03 04 08 10 11 13 14 15 19 20 21 22 25
00284 - 01 02 03 04 08 10 11 13 14 16 19 21 22 23 25
00285 - 01 02 03 04 08 10 11 13 15 16 19 20 22 23 25
00286 - 01 02 03 04 08 10 12 13 14 15 16 20 22 23 25
00287 - 01 02 03 04 08 10 12 13 14 15 19 21 22 23 25
00288 - 01 02 03 04 08 10 12 13 14 16 19 20 21 22 25
00289 - 01 02 03 04 08 10 12 13 15 16 19 20 21 23 25
00290 - 01 02 03 04 08 10 13 14 15 16 19 20 21 22 23
00291 - 01 02 03 04 08 11 12 13 14 15 16 21 22 23 25
00292 - 01 02 03 04 08 11 12 13 14 15 19 20 22 23 25
00293 - 01 02 03 04 08 11 12 13 14 16 19 20 21 23 25
00294 - 01 02 03 04 08 11 12 13 15 16 19 20 21 22 25
00295 - 01 02 03 04 08 11 12 14 15 16 19 20 21 22 23
00296 - 01 02 03 05 06 08 10 11 12 14 15 16 21 22 23
00297 - 01 02 03 05 06 08 10 11 12 14 15 19 20 22 23
00298 - 01 02 03 05 06 08 10 11 12 14 16 19 20 21 23
00299 - 01 02 03 05 06 08 10 11 12 15 16 19 20 21 22
00300 - 01 02 03 05 06 08 10 11 13 14 15 16 20 22 23
00301 - 01 02 03 05 06 08 10 11 13 14 15 19 21 22 23
00302 - 01 02 03 05 06 08 10 11 13 14 16 19 20 21 22
00303 - 01 02 03 05 06 08 10 11 13 15 16 19 20 21 23
00304 - 01 02 03 05 06 08 10 12 13 14 15 16 20 21 23
00305 - 01 02 03 05 06 08 10 12 13 14 15 19 20 21 22
00306 - 01 02 03 05 06 08 10 12 13 14 16 19 21 22 23
00307 - 01 02 03 05 06 08 10 12 13 15 16 19 20 22 23
00308 - 01 02 03 05 06 08 11 12 13 14 15 16 20 21 22
00309 - 01 02 03 05 06 08 11 12 13 14 15 19 20 21 23
00310 - 01 02 03 05 06 08 11 12 13 14 16 19 20 22 23
00311 - 01 02 03 05 06 08 11 12 13 15 16 19 21 22 23
00312 - 01 02 03 05 06 10 11 12 13 14 15 16 19 20 23
00313 - 01 02 03 05 06 10 11 12 13 14 15 16 19 21 22
00314 - 01 02 03 05 06 10 11 12 13 14 19 20 21 22 23
00315 - 01 02 03 05 06 10 11 12 13 15 16 20 21 22 23
00316 - 01 02 03 05 06 10 13 14 15 16 19 20 21 22 23
00317 - 01 02 03 05 06 11 12 14 15 16 19 20 21 22 23
00318 - 01 02 03 05 08 10 11 12 13 14 15 16 19 20 22
00319 - 01 02 03 05 08 10 11 12 13 14 15 16 19 21 23
00320 - 01 02 03 05 08 10 11 12 13 14 16 20 21 22 23
00321 - 01 02 03 05 08 10 11 12 13 15 19 20 21 22 23
00322 - 01 02 03 05 08 10 12 14 15 16 19 20 21 22 23
00323 - 01 02 03 05 08 11 13 14 15 16 19 20 21 22 23
00324 - 01 02 03 06 08 10 11 12 13 14 15 16 19 20 21
00325 - 01 02 03 06 08 10 11 12 13 14 15 16 19 22 23
00326 - 01 02 03 06 08 10 11 12 13 14 15 20 21 22 23
00327 - 01 02 03 06 08 10 11 12 13 16 19 20 21 22 23
00328 - 01 02 03 06 08 10 11 14 15 16 19 20 21 22 23
00329 - 01 02 03 06 08 12 13 14 15 16 19 20 21 22 23
00330 - 01 02 03 10 11 12 13 14 15 16 19 20 21 22 23
00331 - 01 02 04 05 06 08 10 11 12 14 15 16 21 22 25
00332 - 01 02 04 05 06 08 10 11 12 14 15 19 20 22 25
00333 - 01 02 04 05 06 08 10 11 12 14 16 19 20 21 25
00334 - 01 02 04 05 06 08 10 11 13 14 15 16 20 22 25
00335 - 01 02 04 05 06 08 10 11 13 14 15 19 21 22 25
00336 - 01 02 04 05 06 08 10 11 13 15 16 19 20 21 25
00337 - 01 02 04 05 06 08 10 12 13 14 15 16 20 21 25
00338 - 01 02 04 05 06 08 10 12 13 14 16 19 21 22 25
00339 - 01 02 04 05 06 08 10 12 13 15 16 19 20 22 25
00340 - 01 02 04 05 06 08 11 12 13 14 15 19 20 21 25
00341 - 01 02 04 05 06 08 11 12 13 14 16 19 20 22 25
00342 - 01 02 04 05 06 08 11 12 13 15 16 19 21 22 25
00343 - 01 02 04 05 06 10 11 12 13 14 15 16 19 20 25
00344 - 01 02 04 05 06 10 11 12 13 14 19 20 21 22 25
00345 - 01 02 04 05 06 10 11 12 13 15 16 20 21 22 25
00346 - 01 02 04 05 06 10 13 14 15 16 19 20 21 22 25
00347 - 01 02 04 05 06 11 12 14 15 16 19 20 21 22 25
00348 - 01 02 04 05 08 10 11 12 13 14 15 16 19 21 25
00349 - 01 02 04 05 08 10 11 12 13 14 16 20 21 22 25
00350 - 01 02 04 05 08 10 11 12 13 15 19 20 21 22 25
00351 - 01 02 04 05 08 10 12 14 15 16 19 20 21 22 25
00352 - 01 02 04 05 08 11 13 14 15 16 19 20 21 22 25
00353 - 01 02 04 06 08 10 11 12 13 14 15 16 19 22 25
00354 - 01 02 04 06 08 10 11 12 13 14 15 20 21 22 25
00355 - 01 02 04 06 08 10 11 12 13 16 19 20 21 22 25
00356 - 01 02 04 06 08 10 11 14 15 16 19 20 21 22 25
00357 - 01 02 04 06 08 12 13 14 15 16 19 20 21 22 25
00358 - 01 02 04 10 11 12 13 14 15 16 19 20 21 22 25
00359 - 01 02 05 06 08 10 11 12 13 14 15 16 19 23 25
00360 - 01 02 05 06 08 10 11 12 13 14 15 20 21 23 25
00361 - 01 02 05 06 08 10 11 12 13 14 16 20 22 23 25
00362 - 01 02 05 06 08 10 11 12 13 14 19 21 22 23 25
00363 - 01 02 05 06 08 10 11 12 13 15 16 21 22 23 25
00364 - 01 02 05 06 08 10 11 12 13 15 19 20 22 23 25
00365 - 01 02 05 06 08 10 11 12 13 16 19 20 21 23 25
00366 - 01 02 05 06 08 10 11 14 15 16 19 20 21 23 25
00367 - 01 02 05 06 08 10 12 14 15 16 19 20 22 23 25
00368 - 01 02 05 06 08 10 13 14 15 16 19 21 22 23 25
00369 - 01 02 05 06 08 11 12 14 15 16 19 21 22 23 25
00370 - 01 02 05 06 08 11 13 14 15 16 19 20 22 23 25
00371 - 01 02 05 06 08 12 13 14 15 16 19 20 21 23 25
00372 - 01 02 05 06 10 11 12 14 15 16 20 21 22 23 25
00373 - 01 02 05 06 10 11 13 14 15 19 20 21 22 23 25
00374 - 01 02 05 06 10 12 13 14 16 19 20 21 22 23 25
00375 - 01 02 05 06 11 12 13 15 16 19 20 21 22 23 25
00376 - 01 02 05 08 10 11 12 14 15 19 20 21 22 23 25
00377 - 01 02 05 08 10 11 13 14 15 16 20 21 22 23 25
00378 - 01 02 05 08 10 12 13 15 16 19 20 21 22 23 25
00379 - 01 02 05 08 11 12 13 14 16 19 20 21 22 23 25
00380 - 01 02 05 10 11 12 13 14 15 16 19 20 21 23 25
00381 - 01 02 06 08 10 11 12 14 16 19 20 21 22 23 25
00382 - 01 02 06 08 10 11 13 15 16 19 20 21 22 23 25
00383 - 01 02 06 08 10 12 13 14 15 16 20 21 22 23 25
00384 - 01 02 06 08 11 12 13 14 15 19 20 21 22 23 25
00385 - 01 02 06 10 11 12 13 14 15 16 19 20 22 23 25
00386 - 01 02 08 10 11 12 13 14 15 16 19 21 22 23 25
00387 - 01 03 04 05 06 08 10 11 12 14 15 16 21 23 25
00388 - 01 03 04 05 06 08 10 11 12 14 15 19 20 23 25
00389 - 01 03 04 05 06 08 10 11 12 15 16 19 20 21 25
00390 - 01 03 04 05 06 08 10 11 13 14 15 16 20 23 25
00391 - 01 03 04 05 06 08 10 11 13 14 15 19 21 23 25
00392 - 01 03 04 05 06 08 10 11 13 14 16 19 20 21 25
00393 - 01 03 04 05 06 08 10 12 13 14 15 19 20 21 25
00394 - 01 03 04 05 06 08 10 12 13 14 16 19 21 23 25
00395 - 01 03 04 05 06 08 10 12 13 15 16 19 20 23 25
00396 - 01 03 04 05 06 08 11 12 13 14 15 16 20 21 25
00397 - 01 03 04 05 06 08 11 12 13 14 16 19 20 23 25
00398 - 01 03 04 05 06 08 11 12 13 15 16 19 21 23 25
00399 - 01 03 04 05 06 10 11 12 13 14 15 16 19 21 25
00400 - 01 03 04 05 06 10 11 12 13 14 19 20 21 23 25
00401 - 01 03 04 05 06 10 11 12 13 15 16 20 21 23 25
00402 - 01 03 04 05 06 10 13 14 15 16 19 20 21 23 25
00403 - 01 03 04 05 06 11 12 14 15 16 19 20 21 23 25
00404 - 01 03 04 05 08 10 11 12 13 14 15 16 19 20 25
00405 - 01 03 04 05 08 10 11 12 13 14 16 20 21 23 25
00406 - 01 03 04 05 08 10 11 12 13 15 19 20 21 23 25
00407 - 01 03 04 05 08 10 12 14 15 16 19 20 21 23 25
00408 - 01 03 04 05 08 11 13 14 15 16 19 20 21 23 25
00409 - 01 03 04 06 08 10 11 12 13 14 15 16 19 23 25
00410 - 01 03 04 06 08 10 11 12 13 14 15 20 21 23 25
00411 - 01 03 04 06 08 10 11 12 13 16 19 20 21 23 25
00412 - 01 03 04 06 08 10 11 14 15 16 19 20 21 23 25
00413 - 01 03 04 06 08 12 13 14 15 16 19 20 21 23 25
00414 - 01 03 04 10 11 12 13 14 15 16 19 20 21 23 25
00415 - 01 03 05 06 08 10 11 12 13 14 15 16 19 22 25
00416 - 01 03 05 06 08 10 11 12 13 14 15 20 21 22 25
00417 - 01 03 05 06 08 10 11 12 13 14 16 21 22 23 25
00418 - 01 03 05 06 08 10 11 12 13 14 19 20 22 23 25
00419 - 01 03 05 06 08 10 11 12 13 15 16 20 22 23 25
00420 - 01 03 05 06 08 10 11 12 13 15 19 21 22 23 25
00421 - 01 03 05 06 08 10 11 12 13 16 19 20 21 22 25
00422 - 01 03 05 06 08 10 11 14 15 16 19 20 21 22 25
00423 - 01 03 05 06 08 10 12 14 15 16 19 21 22 23 25
00424 - 01 03 05 06 08 10 13 14 15 16 19 20 22 23 25
00425 - 01 03 05 06 08 11 12 14 15 16 19 20 22 23 25
00426 - 01 03 05 06 08 11 13 14 15 16 19 21 22 23 25
00427 - 01 03 05 06 08 12 13 14 15 16 19 20 21 22 25
00428 - 01 03 05 06 10 11 12 14 15 19 20 21 22 23 25
00429 - 01 03 05 06 10 11 13 14 15 16 20 21 22 23 25
00430 - 01 03 05 06 10 12 13 15 16 19 20 21 22 23 25
00431 - 01 03 05 06 11 12 13 14 16 19 20 21 22 23 25
00432 - 01 03 05 08 10 11 12 14 15 16 20 21 22 23 25
00433 - 01 03 05 08 10 11 13 14 15 19 20 21 22 23 25
00434 - 01 03 05 08 10 12 13 14 16 19 20 21 22 23 25
00435 - 01 03 05 08 11 12 13 15 16 19 20 21 22 23 25
00436 - 01 03 05 10 11 12 13 14 15 16 19 20 21 22 25
00437 - 01 03 06 08 10 11 12 15 16 19 20 21 22 23 25
00438 - 01 03 06 08 10 11 13 14 16 19 20 21 22 23 25
00439 - 01 03 06 08 10 12 13 14 15 19 20 21 22 23 25
00440 - 01 03 06 08 11 12 13 14 15 16 20 21 22 23 25
00441 - 01 03 06 10 11 12 13 14 15 16 19 21 22 23 25
00442 - 01 03 08 10 11 12 13 14 15 16 19 20 22 23 25
00443 - 01 04 05 06 08 10 11 12 13 14 15 16 19 20 21
00444 - 01 04 05 06 08 10 11 12 13 14 15 16 19 22 23
00445 - 01 04 05 06 08 10 11 12 13 14 15 20 21 22 23
00446 - 01 04 05 06 08 10 11 12 13 16 19 20 21 22 23
00447 - 01 04 05 06 08 10 11 12 14 15 16 20 22 23 25
00448 - 01 04 05 06 08 10 11 12 14 15 19 21 22 23 25
00449 - 01 04 05 06 08 10 11 13 14 15 16 21 22 23 25
00450 - 01 04 05 06 08 10 11 13 14 15 19 20 22 23 25
00451 - 01 04 05 06 08 10 11 14 15 16 19 20 21 22 23
00452 - 01 04 05 06 08 10 12 13 14 16 19 20 22 23 25
00453 - 01 04 05 06 08 10 12 13 15 16 19 21 22 23 25
00454 - 01 04 05 06 08 11 12 13 14 16 19 21 22 23 25
00455 - 01 04 05 06 08 11 12 13 15 16 19 20 22 23 25
00456 - 01 04 05 06 08 12 13 14 15 16 19 20 21 22 23
00457 - 01 04 05 06 10 11 12 13 14 16 20 21 22 23 25
00458 - 01 04 05 06 10 11 12 13 15 19 20 21 22 23 25
00459 - 01 04 05 06 10 12 14 15 16 19 20 21 22 23 25
00460 - 01 04 05 06 11 13 14 15 16 19 20 21 22 23 25
00461 - 01 04 05 08 10 11 12 13 14 19 20 21 22 23 25
00462 - 01 04 05 08 10 11 12 13 15 16 20 21 22 23 25
00463 - 01 04 05 08 10 13 14 15 16 19 20 21 22 23 25
00464 - 01 04 05 08 11 12 14 15 16 19 20 21 22 23 25
00465 - 01 04 05 10 11 12 13 14 15 16 19 20 21 22 23
00466 - 01 06 08 10 11 12 13 14 15 16 19 20 21 22 23
00467 - 02 03 04 05 06 08 10 11 12 14 15 16 22 23 25
00468 - 02 03 04 05 06 08 10 11 12 14 16 19 20 23 25
00469 - 02 03 04 05 06 08 10 11 12 15 16 19 20 22 25
00470 - 02 03 04 05 06 08 10 11 13 14 15 19 22 23 25
00471 - 02 03 04 05 06 08 10 11 13 14 16 19 20 22 25
00472 - 02 03 04 05 06 08 10 11 13 15 16 19 20 23 25
00473 - 02 03 04 05 06 08 10 12 13 14 15 16 20 23 25
00474 - 02 03 04 05 06 08 10 12 13 14 15 19 20 22 25
00475 - 02 03 04 05 06 08 10 12 13 14 16 19 22 23 25
00476 - 02 03 04 05 06 08 11 12 13 14 15 16 20 22 25
00477 - 02 03 04 05 06 08 11 12 13 14 15 19 20 23 25
00478 - 02 03 04 05 06 08 11 12 13 15 16 19 22 23 25
00479 - 02 03 04 05 06 10 11 12 13 14 15 16 19 22 25
00480 - 02 03 04 05 06 10 11 12 13 14 19 20 22 23 25
00481 - 02 03 04 05 06 10 11 12 13 15 16 20 22 23 25
00482 - 02 03 04 05 06 10 13 14 15 16 19 20 22 23 25
00483 - 02 03 04 05 06 11 12 14 15 16 19 20 22 23 25
00484 - 02 03 04 05 08 10 11 12 13 14 15 16 19 23 25
00485 - 02 03 04 05 08 10 11 12 13 14 16 20 22 23 25
00486 - 02 03 04 05 08 10 11 12 13 15 19 20 22 23 25
00487 - 02 03 04 05 08 10 12 14 15 16 19 20 22 23 25
00488 - 02 03 04 05 08 11 13 14 15 16 19 20 22 23 25
00489 - 02 03 04 06 08 10 11 12 13 14 15 16 19 20 25
00490 - 02 03 04 06 08 10 11 12 13 14 15 20 22 23 25
00491 - 02 03 04 06 08 10 11 12 13 16 19 20 22 23 25
00492 - 02 03 04 06 08 10 11 14 15 16 19 20 22 23 25
00493 - 02 03 04 06 08 12 13 14 15 16 19 20 22 23 25
00494 - 02 03 04 10 11 12 13 14 15 16 19 20 22 23 25
00495 - 02 03 05 06 08 10 11 12 13 14 15 16 19 21 25
00496 - 02 03 05 06 08 10 11 12 13 14 15 21 22 23 25
00497 - 02 03 05 06 08 10 11 12 13 14 16 20 21 22 25
00498 - 02 03 05 06 08 10 11 12 13 14 19 20 21 23 25
00499 - 02 03 05 06 08 10 11 12 13 15 16 20 21 23 25
00500 - 02 03 05 06 08 10 11 12 13 15 19 20 21 22 25
00501 - 02 03 05 06 08 10 11 12 13 16 19 21 22 23 25
00502 - 02 03 05 06 08 10 11 14 15 16 19 21 22 23 25
00503 - 02 03 05 06 08 10 12 14 15 16 19 20 21 22 25
00504 - 02 03 05 06 08 10 13 14 15 16 19 20 21 23 25
00505 - 02 03 05 06 08 11 12 14 15 16 19 20 21 23 25
00506 - 02 03 05 06 08 11 13 14 15 16 19 20 21 22 25
00507 - 02 03 05 06 08 12 13 14 15 16 19 21 22 23 25
00508 - 02 03 05 06 10 11 12 14 16 19 20 21 22 23 25
00509 - 02 03 05 06 10 11 13 15 16 19 20 21 22 23 25
00510 - 02 03 05 06 10 12 13 14 15 16 20 21 22 23 25
00511 - 02 03 05 06 11 12 13 14 15 19 20 21 22 23 25
00512 - 02 03 05 08 10 11 12 15 16 19 20 21 22 23 25
00513 - 02 03 05 08 10 11 13 14 16 19 20 21 22 23 25
00514 - 02 03 05 08 10 12 13 14 15 19 20 21 22 23 25
00515 - 02 03 05 08 11 12 13 14 15 16 20 21 22 23 25
00516 - 02 03 05 10 11 12 13 14 15 16 19 21 22 23 25
00517 - 02 03 06 08 10 11 12 14 15 16 20 21 22 23 25
00518 - 02 03 06 08 10 11 13 14 15 19 20 21 22 23 25
00519 - 02 03 06 08 10 12 13 14 16 19 20 21 22 23 25
00520 - 02 03 06 08 11 12 13 15 16 19 20 21 22 23 25
00521 - 02 03 06 10 11 12 13 14 15 16 19 20 21 22 25
00522 - 02 03 08 10 11 12 13 14 15 16 19 20 21 23 25
00523 - 02 04 05 06 08 10 11 12 13 14 15 16 19 20 22
00524 - 02 04 05 06 08 10 11 12 13 14 15 16 19 21 23
00525 - 02 04 05 06 08 10 11 12 13 14 16 20 21 22 23
00526 - 02 04 05 06 08 10 11 12 13 15 19 20 21 22 23
00527 - 02 04 05 06 08 10 11 12 14 15 16 20 21 23 25
00528 - 02 04 05 06 08 10 11 12 14 16 19 21 22 23 25
00529 - 02 04 05 06 08 10 11 13 14 15 19 20 21 23 25
00530 - 02 04 05 06 08 10 11 13 15 16 19 21 22 23 25
00531 - 02 04 05 06 08 10 12 13 14 15 16 21 22 23 25
00532 - 02 04 05 06 08 10 12 13 14 16 19 20 21 23 25
00533 - 02 04 05 06 08 10 12 14 15 16 19 20 21 22 23
00534 - 02 04 05 06 08 11 12 13 14 15 19 21 22 23 25
00535 - 02 04 05 06 08 11 12 13 15 16 19 20 21 23 25
00536 - 02 04 05 06 08 11 13 14 15 16 19 20 21 22 23
00537 - 02 04 05 06 10 11 12 13 14 15 20 21 22 23 25
00538 - 02 04 05 06 10 11 12 13 16 19 20 21 22 23 25
00539 - 02 04 05 06 10 11 14 15 16 19 20 21 22 23 25
00540 - 02 04 05 06 12 13 14 15 16 19 20 21 22 23 25
00541 - 02 04 06 08 10 11 12 13 14 19 20 21 22 23 25
00542 - 02 04 06 08 10 11 12 13 15 16 20 21 22 23 25
00543 - 02 04 06 08 10 13 14 15 16 19 20 21 22 23 25
00544 - 02 04 06 08 11 12 14 15 16 19 20 21 22 23 25
00545 - 02 04 06 10 11 12 13 14 15 16 19 20 21 22 23
00546 - 02 05 08 10 11 12 13 14 15 16 19 20 21 22 23
00547 - 03 04 05 06 08 10 11 12 13 14 15 16 19 20 23
00548 - 03 04 05 06 08 10 11 12 13 14 15 16 19 21 22
00549 - 03 04 05 06 08 10 11 12 13 14 19 20 21 22 23
00550 - 03 04 05 06 08 10 11 12 13 15 16 20 21 22 23
00551 - 03 04 05 06 08 10 11 12 14 15 16 20 21 22 25
00552 - 03 04 05 06 08 10 11 12 15 16 19 21 22 23 25
00553 - 03 04 05 06 08 10 11 13 14 15 19 20 21 22 25
00554 - 03 04 05 06 08 10 11 13 14 16 19 21 22 23 25
00555 - 03 04 05 06 08 10 12 13 14 15 19 21 22 23 25
00556 - 03 04 05 06 08 10 12 13 14 16 19 20 21 22 25
00557 - 03 04 05 06 08 10 13 14 15 16 19 20 21 22 23
00558 - 03 04 05 06 08 11 12 13 14 15 16 21 22 23 25
00559 - 03 04 05 06 08 11 12 13 15 16 19 20 21 22 25
00560 - 03 04 05 06 08 11 12 14 15 16 19 20 21 22 23
00561 - 03 04 05 08 10 11 12 13 14 15 20 21 22 23 25
00562 - 03 04 05 08 10 11 12 13 16 19 20 21 22 23 25
00563 - 03 04 05 08 10 11 14 15 16 19 20 21 22 23 25
00564 - 03 04 05 08 12 13 14 15 16 19 20 21 22 23 25
00565 - 03 04 06 08 10 11 12 13 14 16 20 21 22 23 25
00566 - 03 04 06 08 10 11 12 13 15 19 20 21 22 23 25
00567 - 03 04 06 08 10 12 14 15 16 19 20 21 22 23 25
00568 - 03 04 06 08 11 13 14 15 16 19 20 21 22 23 25
00569 - 03 04 08 10 11 12 13 14 15 16 19 20 21 22 23
00570 - 03 05 06 10 11 12 13 14 15 16 19 20 21 22 23
00571 - 04 05 06 10 11 12 13 14 15 16 19 20 21 22 25
00572 - 04 05 08 10 11 12 13 14 15 16 19 20 21 23 25
00573 - 04 06 08 10 11 12 13 14 15 16 19 20 22 23 25
00574 - 05 06 08 10 11 12 13 14 15 16 19 21 22 23 25