00001 - 01 05 26 27 28
00002 - 01 05 26 27 41
00003 - 01 05 26 27 44
00004 - 01 05 26 27 48
00005 - 01 05 26 27 65
00006 - 01 05 26 27 67
00007 - 01 05 26 28 41
00008 - 01 05 26 28 44
00009 - 01 05 26 28 48
00010 - 01 05 26 28 65
00011 - 01 05 26 28 67
00012 - 01 05 26 41 44
00013 - 01 05 26 41 48
00014 - 01 05 26 41 65
00015 - 01 05 26 41 67
00016 - 01 05 26 44 48
00017 - 01 05 26 44 65
00018 - 01 05 26 44 67
00019 - 01 05 26 48 65
00020 - 01 05 26 48 67
00021 - 01 05 26 65 67
00022 - 01 05 27 28 41
00023 - 01 05 27 28 44
00024 - 01 05 27 28 48
00025 - 01 05 27 28 65
00026 - 01 05 27 28 67
00027 - 01 05 27 41 44
00028 - 01 05 27 41 48
00029 - 01 05 27 41 65
00030 - 01 05 27 41 67
00031 - 01 05 27 44 48
00032 - 01 05 27 44 65
00033 - 01 05 27 44 67
00034 - 01 05 27 48 65
00035 - 01 05 27 48 67
00036 - 01 05 27 65 67
00037 - 01 05 28 41 44
00038 - 01 05 28 41 48
00039 - 01 05 28 41 65
00040 - 01 05 28 41 67
00041 - 01 05 28 44 48
00042 - 01 05 28 44 65
00043 - 01 05 28 44 67
00044 - 01 05 28 48 65
00045 - 01 05 28 48 67
00046 - 01 05 28 65 67
00047 - 01 05 41 44 48
00048 - 01 05 41 44 65
00049 - 01 05 41 44 67
00050 - 01 05 41 48 65
00051 - 01 05 41 48 67
00052 - 01 05 41 65 67
00053 - 01 05 44 48 65
00054 - 01 05 44 48 67
00055 - 01 05 44 65 67
00056 - 01 05 48 65 67
00057 - 01 26 27 28 41
00058 - 01 26 27 28 44
00059 - 01 26 27 28 48
00060 - 01 26 27 28 65
00061 - 01 26 27 28 67
00062 - 01 26 27 41 44
00063 - 01 26 27 41 48
00064 - 01 26 27 41 65
00065 - 01 26 27 41 67
00066 - 01 26 27 44 48
00067 - 01 26 27 44 65
00068 - 01 26 27 44 67
00069 - 01 26 27 48 65
00070 - 01 26 27 48 67
00071 - 01 26 27 65 67
00072 - 01 26 28 41 44
00073 - 01 26 28 41 48
00074 - 01 26 28 41 65
00075 - 01 26 28 41 67
00076 - 01 26 28 44 48
00077 - 01 26 28 44 65
00078 - 01 26 28 44 67
00079 - 01 26 28 48 65
00080 - 01 26 28 48 67
00081 - 01 26 28 65 67
00082 - 01 26 41 44 48
00083 - 01 26 41 44 65
00084 - 01 26 41 44 67
00085 - 01 26 41 48 65
00086 - 01 26 41 48 67
00087 - 01 26 41 65 67
00088 - 01 26 44 48 65
00089 - 01 26 44 48 67
00090 - 01 26 44 65 67
00091 - 01 26 48 65 67
00092 - 01 27 28 41 44
00093 - 01 27 28 41 48
00094 - 01 27 28 41 65
00095 - 01 27 28 41 67
00096 - 01 27 28 44 48
00097 - 01 27 28 44 65
00098 - 01 27 28 44 67
00099 - 01 27 28 48 65
00100 - 01 27 28 48 67
00101 - 01 27 28 65 67
00102 - 01 27 41 44 48
00103 - 01 27 41 44 65
00104 - 01 27 41 44 67
00105 - 01 27 41 48 65
00106 - 01 27 41 48 67
00107 - 01 27 41 65 67
00108 - 01 27 44 48 65
00109 - 01 27 44 48 67
00110 - 01 27 44 65 67
00111 - 01 27 48 65 67
00112 - 01 28 41 44 48
00113 - 01 28 41 44 65
00114 - 01 28 41 44 67
00115 - 01 28 41 48 65
00116 - 01 28 41 48 67
00117 - 01 28 41 65 67
00118 - 01 28 44 48 65
00119 - 01 28 44 48 67
00120 - 01 28 44 65 67
00121 - 01 28 48 65 67
00122 - 01 41 44 48 65
00123 - 01 41 44 48 67
00124 - 01 41 44 65 67
00125 - 01 41 48 65 67
00126 - 01 44 48 65 67
00127 - 02 04 17 22 29
00128 - 02 04 17 22 38
00129 - 02 04 17 22 41
00130 - 02 04 17 22 50
00131 - 02 04 17 22 59
00132 - 02 04 17 22 72
00133 - 02 04 17 29 38
00134 - 02 04 17 29 41
00135 - 02 04 17 29 50
00136 - 02 04 17 29 59
00137 - 02 04 17 29 72
00138 - 02 04 17 38 41
00139 - 02 04 17 38 50
00140 - 02 04 17 38 59
00141 - 02 04 17 38 72
00142 - 02 04 17 41 50
00143 - 02 04 17 41 59
00144 - 02 04 17 41 72
00145 - 02 04 17 50 59
00146 - 02 04 17 50 72
00147 - 02 04 17 59 72
00148 - 02 04 22 29 38
00149 - 02 04 22 29 41
00150 - 02 04 22 29 50
00151 - 02 04 22 29 59
00152 - 02 04 22 29 72
00153 - 02 04 22 38 41
00154 - 02 04 22 38 50
00155 - 02 04 22 38 59
00156 - 02 04 22 38 72
00157 - 02 04 22 41 50
00158 - 02 04 22 41 59
00159 - 02 04 22 41 72
00160 - 02 04 22 50 59
00161 - 02 04 22 50 72
00162 - 02 04 22 59 72
00163 - 02 04 29 38 41
00164 - 02 04 29 38 50
00165 - 02 04 29 38 59
00166 - 02 04 29 38 72
00167 - 02 04 29 41 50
00168 - 02 04 29 41 59
00169 - 02 04 29 41 72
00170 - 02 04 29 50 59
00171 - 02 04 29 50 72
00172 - 02 04 29 59 72
00173 - 02 04 38 41 50
00174 - 02 04 38 41 59
00175 - 02 04 38 41 72
00176 - 02 04 38 50 59
00177 - 02 04 38 50 72
00178 - 02 04 38 59 72
00179 - 02 04 41 50 59
00180 - 02 04 41 50 72
00181 - 02 04 41 59 72
00182 - 02 04 50 59 72
00183 - 02 07 10 13 16
00184 - 02 07 10 13 22
00185 - 02 07 10 13 24
00186 - 02 07 10 13 28
00187 - 02 07 10 13 31
00188 - 02 07 10 13 42
00189 - 02 07 10 16 22
00190 - 02 07 10 16 24
00191 - 02 07 10 16 28
00192 - 02 07 10 16 31
00193 - 02 07 10 16 42
00194 - 02 07 10 22 24
00195 - 02 07 10 22 28
00196 - 02 07 10 22 31
00197 - 02 07 10 22 42
00198 - 02 07 10 24 28
00199 - 02 07 10 24 31
00200 - 02 07 10 24 42
00201 - 02 07 10 28 31
00202 - 02 07 10 28 42
00203 - 02 07 10 31 42
00204 - 02 07 13 16 22
00205 - 02 07 13 16 24
00206 - 02 07 13 16 28
00207 - 02 07 13 16 31
00208 - 02 07 13 16 42
00209 - 02 07 13 22 24
00210 - 02 07 13 22 28
00211 - 02 07 13 22 31
00212 - 02 07 13 22 42
00213 - 02 07 13 24 28
00214 - 02 07 13 24 31
00215 - 02 07 13 24 42
00216 - 02 07 13 28 31
00217 - 02 07 13 28 42
00218 - 02 07 13 31 42
00219 - 02 07 16 22 24
00220 - 02 07 16 22 28
00221 - 02 07 16 22 31
00222 - 02 07 16 22 42
00223 - 02 07 16 24 28
00224 - 02 07 16 24 31
00225 - 02 07 16 24 42
00226 - 02 07 16 28 31
00227 - 02 07 16 28 42
00228 - 02 07 16 31 42
00229 - 02 07 22 24 28
00230 - 02 07 22 24 31
00231 - 02 07 22 24 42
00232 - 02 07 22 28 31
00233 - 02 07 22 28 42
00234 - 02 07 22 31 42
00235 - 02 07 24 28 31
00236 - 02 07 24 28 42
00237 - 02 07 24 31 42
00238 - 02 07 28 31 42
00239 - 02 10 13 16 22
00240 - 02 10 13 16 24
00241 - 02 10 13 16 28
00242 - 02 10 13 16 31
00243 - 02 10 13 16 42
00244 - 02 10 13 22 24
00245 - 02 10 13 22 28
00246 - 02 10 13 22 31
00247 - 02 10 13 22 42
00248 - 02 10 13 24 28
00249 - 02 10 13 24 31
00250 - 02 10 13 24 42
00251 - 02 10 13 28 31
00252 - 02 10 13 28 42
00253 - 02 10 13 31 42
00254 - 02 10 16 22 24
00255 - 02 10 16 22 28
00256 - 02 10 16 22 31
00257 - 02 10 16 22 42
00258 - 02 10 16 24 28
00259 - 02 10 16 24 31
00260 - 02 10 16 24 42
00261 - 02 10 16 28 31
00262 - 02 10 16 28 42
00263 - 02 10 16 31 42
00264 - 02 10 22 24 28
00265 - 02 10 22 24 31
00266 - 02 10 22 24 42
00267 - 02 10 22 28 31
00268 - 02 10 22 28 42
00269 - 02 10 22 31 42
00270 - 02 10 24 28 31
00271 - 02 10 24 28 42
00272 - 02 10 24 31 42
00273 - 02 10 28 31 42
00274 - 02 13 16 22 24
00275 - 02 13 16 22 28
00276 - 02 13 16 22 31
00277 - 02 13 16 22 42
00278 - 02 13 16 24 28
00279 - 02 13 16 24 31
00280 - 02 13 16 24 42
00281 - 02 13 16 28 31
00282 - 02 13 16 28 42
00283 - 02 13 16 31 42
00284 - 02 13 22 24 28
00285 - 02 13 22 24 31
00286 - 02 13 22 24 42
00287 - 02 13 22 28 31
00288 - 02 13 22 28 42
00289 - 02 13 22 31 42
00290 - 02 13 24 28 31
00291 - 02 13 24 28 42
00292 - 02 13 24 31 42
00293 - 02 13 28 31 42
00294 - 02 16 22 24 28
00295 - 02 16 22 24 31
00296 - 02 16 22 24 42
00297 - 02 16 22 28 31
00298 - 02 16 22 28 42
00299 - 02 16 22 31 42
00300 - 02 16 24 28 31
00301 - 02 16 24 28 42
00302 - 02 16 24 31 42
00303 - 02 16 28 31 42
00304 - 02 17 22 29 38
00305 - 02 17 22 29 41
00306 - 02 17 22 29 50
00307 - 02 17 22 29 59
00308 - 02 17 22 29 72
00309 - 02 17 22 38 41
00310 - 02 17 22 38 50
00311 - 02 17 22 38 59
00312 - 02 17 22 38 72
00313 - 02 17 22 41 50
00314 - 02 17 22 41 59
00315 - 02 17 22 41 72
00316 - 02 17 22 50 59
00317 - 02 17 22 50 72
00318 - 02 17 22 59 72
00319 - 02 17 29 38 41
00320 - 02 17 29 38 50
00321 - 02 17 29 38 59
00322 - 02 17 29 38 72
00323 - 02 17 29 41 50
00324 - 02 17 29 41 59
00325 - 02 17 29 41 72
00326 - 02 17 29 50 59
00327 - 02 17 29 50 72
00328 - 02 17 29 59 72
00329 - 02 17 38 41 50
00330 - 02 17 38 41 59
00331 - 02 17 38 41 72
00332 - 02 17 38 50 59
00333 - 02 17 38 50 72
00334 - 02 17 38 59 72
00335 - 02 17 41 50 59
00336 - 02 17 41 50 72
00337 - 02 17 41 59 72
00338 - 02 17 50 59 72
00339 - 02 18 19 22 23
00340 - 02 18 19 22 41
00341 - 02 18 19 22 48
00342 - 02 18 19 22 57
00343 - 02 18 19 22 63
00344 - 02 18 19 22 79
00345 - 02 18 19 23 41
00346 - 02 18 19 23 48
00347 - 02 18 19 23 57
00348 - 02 18 19 23 63
00349 - 02 18 19 23 79
00350 - 02 18 19 41 48
00351 - 02 18 19 41 57
00352 - 02 18 19 41 63
00353 - 02 18 19 41 79
00354 - 02 18 19 48 57
00355 - 02 18 19 48 63
00356 - 02 18 19 48 79
00357 - 02 18 19 57 63
00358 - 02 18 19 57 79
00359 - 02 18 19 63 79
00360 - 02 18 22 23 41
00361 - 02 18 22 23 48
00362 - 02 18 22 23 57
00363 - 02 18 22 23 63
00364 - 02 18 22 23 79
00365 - 02 18 22 41 48
00366 - 02 18 22 41 57
00367 - 02 18 22 41 63
00368 - 02 18 22 41 79
00369 - 02 18 22 48 57
00370 - 02 18 22 48 63
00371 - 02 18 22 48 79
00372 - 02 18 22 57 63
00373 - 02 18 22 57 79
00374 - 02 18 22 63 79
00375 - 02 18 23 41 48
00376 - 02 18 23 41 57
00377 - 02 18 23 41 63
00378 - 02 18 23 41 79
00379 - 02 18 23 48 57
00380 - 02 18 23 48 63
00381 - 02 18 23 48 79
00382 - 02 18 23 57 63
00383 - 02 18 23 57 79
00384 - 02 18 23 63 79
00385 - 02 18 41 48 57
00386 - 02 18 41 48 63
00387 - 02 18 41 48 79
00388 - 02 18 41 57 63
00389 - 02 18 41 57 79
00390 - 02 18 41 63 79
00391 - 02 18 48 57 63
00392 - 02 18 48 57 79
00393 - 02 18 48 63 79
00394 - 02 18 57 63 79
00395 - 02 19 22 23 41
00396 - 02 19 22 23 48
00397 - 02 19 22 23 57
00398 - 02 19 22 23 63
00399 - 02 19 22 23 79
00400 - 02 19 22 41 48
00401 - 02 19 22 41 57
00402 - 02 19 22 41 63
00403 - 02 19 22 41 79
00404 - 02 19 22 48 57
00405 - 02 19 22 48 63
00406 - 02 19 22 48 79
00407 - 02 19 22 57 63
00408 - 02 19 22 57 79
00409 - 02 19 22 63 79
00410 - 02 19 23 41 48
00411 - 02 19 23 41 57
00412 - 02 19 23 41 63
00413 - 02 19 23 41 79
00414 - 02 19 23 48 57
00415 - 02 19 23 48 63
00416 - 02 19 23 48 79
00417 - 02 19 23 57 63
00418 - 02 19 23 57 79
00419 - 02 19 23 63 79
00420 - 02 19 41 48 57
00421 - 02 19 41 48 63
00422 - 02 19 41 48 79
00423 - 02 19 41 57 63
00424 - 02 19 41 57 79
00425 - 02 19 41 63 79
00426 - 02 19 48 57 63
00427 - 02 19 48 57 79
00428 - 02 19 48 63 79
00429 - 02 19 57 63 79
00430 - 02 22 23 41 48
00431 - 02 22 23 41 57
00432 - 02 22 23 41 63
00433 - 02 22 23 41 79
00434 - 02 22 23 48 57
00435 - 02 22 23 48 63
00436 - 02 22 23 48 79
00437 - 02 22 23 57 63
00438 - 02 22 23 57 79
00439 - 02 22 23 63 79
00440 - 02 22 24 28 31
00441 - 02 22 24 28 42
00442 - 02 22 24 31 42
00443 - 02 22 28 31 42
00444 - 02 22 29 38 41
00445 - 02 22 29 38 50
00446 - 02 22 29 38 59
00447 - 02 22 29 38 72
00448 - 02 22 29 41 50
00449 - 02 22 29 41 59
00450 - 02 22 29 41 72
00451 - 02 22 29 50 59
00452 - 02 22 29 50 72
00453 - 02 22 29 59 72
00454 - 02 22 38 41 50
00455 - 02 22 38 41 59
00456 - 02 22 38 41 72
00457 - 02 22 38 50 59
00458 - 02 22 38 50 72
00459 - 02 22 38 59 72
00460 - 02 22 41 48 57
00461 - 02 22 41 48 63
00462 - 02 22 41 48 79
00463 - 02 22 41 50 59
00464 - 02 22 41 50 72
00465 - 02 22 41 57 63
00466 - 02 22 41 57 79
00467 - 02 22 41 59 72
00468 - 02 22 41 63 79
00469 - 02 22 48 57 63
00470 - 02 22 48 57 79
00471 - 02 22 48 63 79
00472 - 02 22 50 59 72
00473 - 02 22 57 63 79
00474 - 02 23 41 48 57
00475 - 02 23 41 48 63
00476 - 02 23 41 48 79
00477 - 02 23 41 57 63
00478 - 02 23 41 57 79
00479 - 02 23 41 63 79
00480 - 02 23 48 57 63
00481 - 02 23 48 57 79
00482 - 02 23 48 63 79
00483 - 02 23 57 63 79
00484 - 02 24 28 31 42
00485 - 02 29 38 41 50
00486 - 02 29 38 41 59
00487 - 02 29 38 41 72
00488 - 02 29 38 50 59
00489 - 02 29 38 50 72
00490 - 02 29 38 59 72
00491 - 02 29 41 50 59
00492 - 02 29 41 50 72
00493 - 02 29 41 59 72
00494 - 02 29 50 59 72
00495 - 02 38 41 50 59
00496 - 02 38 41 50 72
00497 - 02 38 41 59 72
00498 - 02 38 50 59 72
00499 - 02 41 48 57 63
00500 - 02 41 48 57 79
00501 - 02 41 48 63 79
00502 - 02 41 50 59 72
00503 - 02 41 57 63 79
00504 - 02 48 57 63 79
00505 - 03 27 32 33 34
00506 - 03 27 32 33 36
00507 - 03 27 32 33 61
00508 - 03 27 32 33 64
00509 - 03 27 32 33 78
00510 - 03 27 32 33 79
00511 - 03 27 32 34 36
00512 - 03 27 32 34 61
00513 - 03 27 32 34 64
00514 - 03 27 32 34 78
00515 - 03 27 32 34 79
00516 - 03 27 32 36 61
00517 - 03 27 32 36 64
00518 - 03 27 32 36 78
00519 - 03 27 32 36 79
00520 - 03 27 32 61 64
00521 - 03 27 32 61 78
00522 - 03 27 32 61 79
00523 - 03 27 32 64 78
00524 - 03 27 32 64 79
00525 - 03 27 32 78 79
00526 - 03 27 33 34 36
00527 - 03 27 33 34 61
00528 - 03 27 33 34 64
00529 - 03 27 33 34 78
00530 - 03 27 33 34 79
00531 - 03 27 33 36 61
00532 - 03 27 33 36 64
00533 - 03 27 33 36 78
00534 - 03 27 33 36 79
00535 - 03 27 33 61 64
00536 - 03 27 33 61 78
00537 - 03 27 33 61 79
00538 - 03 27 33 64 78
00539 - 03 27 33 64 79
00540 - 03 27 33 78 79
00541 - 03 27 34 36 61
00542 - 03 27 34 36 64
00543 - 03 27 34 36 78
00544 - 03 27 34 36 79
00545 - 03 27 34 61 64
00546 - 03 27 34 61 78
00547 - 03 27 34 61 79
00548 - 03 27 34 64 78
00549 - 03 27 34 64 79
00550 - 03 27 34 78 79
00551 - 03 27 36 61 64
00552 - 03 27 36 61 78
00553 - 03 27 36 61 79
00554 - 03 27 36 64 78
00555 - 03 27 36 64 79
00556 - 03 27 36 78 79
00557 - 03 27 61 64 78
00558 - 03 27 61 64 79
00559 - 03 27 61 78 79
00560 - 03 27 64 78 79
00561 - 03 32 33 34 36
00562 - 03 32 33 34 61
00563 - 03 32 33 34 64
00564 - 03 32 33 34 78
00565 - 03 32 33 34 79
00566 - 03 32 33 36 61
00567 - 03 32 33 36 64
00568 - 03 32 33 36 78
00569 - 03 32 33 36 79
00570 - 03 32 33 61 64
00571 - 03 32 33 61 78
00572 - 03 32 33 61 79
00573 - 03 32 33 64 78
00574 - 03 32 33 64 79
00575 - 03 32 33 78 79
00576 - 03 32 34 36 61
00577 - 03 32 34 36 64
00578 - 03 32 34 36 78
00579 - 03 32 34 36 79
00580 - 03 32 34 61 64
00581 - 03 32 34 61 78
00582 - 03 32 34 61 79
00583 - 03 32 34 64 78
00584 - 03 32 34 64 79
00585 - 03 32 34 78 79
00586 - 03 32 36 61 64
00587 - 03 32 36 61 78
00588 - 03 32 36 61 79
00589 - 03 32 36 64 78
00590 - 03 32 36 64 79
00591 - 03 32 36 78 79
00592 - 03 32 61 64 78
00593 - 03 32 61 64 79
00594 - 03 32 61 78 79
00595 - 03 32 64 78 79
00596 - 03 33 34 36 61
00597 - 03 33 34 36 64
00598 - 03 33 34 36 78
00599 - 03 33 34 36 79
00600 - 03 33 34 61 64
00601 - 03 33 34 61 78
00602 - 03 33 34 61 79
00603 - 03 33 34 64 78
00604 - 03 33 34 64 79
00605 - 03 33 34 78 79
00606 - 03 33 36 61 64
00607 - 03 33 36 61 78
00608 - 03 33 36 61 79
00609 - 03 33 36 64 78
00610 - 03 33 36 64 79
00611 - 03 33 36 78 79
00612 - 03 33 61 64 78
00613 - 03 33 61 64 79
00614 - 03 33 61 78 79
00615 - 03 33 64 78 79
00616 - 03 34 36 61 64
00617 - 03 34 36 61 78
00618 - 03 34 36 61 79
00619 - 03 34 36 64 78
00620 - 03 34 36 64 79
00621 - 03 34 36 78 79
00622 - 03 34 61 64 78
00623 - 03 34 61 64 79
00624 - 03 34 61 78 79
00625 - 03 34 64 78 79
00626 - 03 36 61 64 78
00627 - 03 36 61 64 79
00628 - 03 36 61 78 79
00629 - 03 36 64 78 79
00630 - 03 61 64 78 79
00631 - 04 17 22 29 38
00632 - 04 17 22 29 41
00633 - 04 17 22 29 50
00634 - 04 17 22 29 59
00635 - 04 17 22 29 72
00636 - 04 17 22 38 41
00637 - 04 17 22 38 50
00638 - 04 17 22 38 59
00639 - 04 17 22 38 72
00640 - 04 17 22 41 50
00641 - 04 17 22 41 59
00642 - 04 17 22 41 72
00643 - 04 17 22 50 59
00644 - 04 17 22 50 72
00645 - 04 17 22 59 72
00646 - 04 17 29 38 41
00647 - 04 17 29 38 50
00648 - 04 17 29 38 59
00649 - 04 17 29 38 72
00650 - 04 17 29 41 50
00651 - 04 17 29 41 59
00652 - 04 17 29 41 72
00653 - 04 17 29 50 59
00654 - 04 17 29 50 72
00655 - 04 17 29 59 72
00656 - 04 17 38 41 50
00657 - 04 17 38 41 59
00658 - 04 17 38 41 72
00659 - 04 17 38 50 59
00660 - 04 17 38 50 72
00661 - 04 17 38 59 72
00662 - 04 17 41 50 59
00663 - 04 17 41 50 72
00664 - 04 17 41 59 72
00665 - 04 17 50 59 72
00666 - 04 22 29 38 41
00667 - 04 22 29 38 50
00668 - 04 22 29 38 59
00669 - 04 22 29 38 72
00670 - 04 22 29 41 50
00671 - 04 22 29 41 59
00672 - 04 22 29 41 72
00673 - 04 22 29 50 59
00674 - 04 22 29 50 72
00675 - 04 22 29 59 72
00676 - 04 22 38 41 50
00677 - 04 22 38 41 59
00678 - 04 22 38 41 72
00679 - 04 22 38 50 59
00680 - 04 22 38 50 72
00681 - 04 22 38 59 72
00682 - 04 22 41 50 59
00683 - 04 22 41 50 72
00684 - 04 22 41 59 72
00685 - 04 22 50 59 72
00686 - 04 29 38 41 50
00687 - 04 29 38 41 59
00688 - 04 29 38 41 72
00689 - 04 29 38 50 59
00690 - 04 29 38 50 72
00691 - 04 29 38 59 72
00692 - 04 29 41 50 59
00693 - 04 29 41 50 72
00694 - 04 29 41 59 72
00695 - 04 29 50 59 72
00696 - 04 38 41 50 59
00697 - 04 38 41 50 72
00698 - 04 38 41 59 72
00699 - 04 38 50 59 72
00700 - 04 41 50 59 72
00701 - 05 10 16 22 33
00702 - 05 10 16 22 39
00703 - 05 10 16 22 59
00704 - 05 10 16 22 60
00705 - 05 10 16 22 68
00706 - 05 10 16 22 70
00707 - 05 10 16 33 39
00708 - 05 10 16 33 59
00709 - 05 10 16 33 60
00710 - 05 10 16 33 68
00711 - 05 10 16 33 70
00712 - 05 10 16 39 59
00713 - 05 10 16 39 60
00714 - 05 10 16 39 68
00715 - 05 10 16 39 70
00716 - 05 10 16 59 60
00717 - 05 10 16 59 68
00718 - 05 10 16 59 70
00719 - 05 10 16 60 68
00720 - 05 10 16 60 70
00721 - 05 10 16 68 70
00722 - 05 10 22 33 39
00723 - 05 10 22 33 59
00724 - 05 10 22 33 60
00725 - 05 10 22 33 68
00726 - 05 10 22 33 70
00727 - 05 10 22 39 59
00728 - 05 10 22 39 60
00729 - 05 10 22 39 68
00730 - 05 10 22 39 70
00731 - 05 10 22 59 60
00732 - 05 10 22 59 68
00733 - 05 10 22 59 70
00734 - 05 10 22 60 68
00735 - 05 10 22 60 70
00736 - 05 10 22 68 70
00737 - 05 10 33 39 59
00738 - 05 10 33 39 60
00739 - 05 10 33 39 68
00740 - 05 10 33 39 70
00741 - 05 10 33 59 60
00742 - 05 10 33 59 68
00743 - 05 10 33 59 70
00744 - 05 10 33 60 68
00745 - 05 10 33 60 70
00746 - 05 10 33 68 70
00747 - 05 10 39 59 60
00748 - 05 10 39 59 68
00749 - 05 10 39 59 70
00750 - 05 10 39 60 68
00751 - 05 10 39 60 70
00752 - 05 10 39 68 70
00753 - 05 10 59 60 68
00754 - 05 10 59 60 70
00755 - 05 10 59 68 70
00756 - 05 10 60 68 70
00757 - 05 16 22 33 39
00758 - 05 16 22 33 59
00759 - 05 16 22 33 60
00760 - 05 16 22 33 68
00761 - 05 16 22 33 70
00762 - 05 16 22 39 59
00763 - 05 16 22 39 60
00764 - 05 16 22 39 68
00765 - 05 16 22 39 70
00766 - 05 16 22 59 60
00767 - 05 16 22 59 68
00768 - 05 16 22 59 70
00769 - 05 16 22 60 68
00770 - 05 16 22 60 70
00771 - 05 16 22 68 70
00772 - 05 16 33 39 59
00773 - 05 16 33 39 60
00774 - 05 16 33 39 68
00775 - 05 16 33 39 70
00776 - 05 16 33 59 60
00777 - 05 16 33 59 68
00778 - 05 16 33 59 70
00779 - 05 16 33 60 68
00780 - 05 16 33 60 70
00781 - 05 16 33 68 70
00782 - 05 16 39 59 60
00783 - 05 16 39 59 68
00784 - 05 16 39 59 70
00785 - 05 16 39 60 68
00786 - 05 16 39 60 70
00787 - 05 16 39 68 70
00788 - 05 16 59 60 68
00789 - 05 16 59 60 70
00790 - 05 16 59 68 70
00791 - 05 16 60 68 70
00792 - 05 21 36 52 55
00793 - 05 21 36 52 63
00794 - 05 21 36 52 71
00795 - 05 21 36 52 74
00796 - 05 21 36 52 75
00797 - 05 21 36 52 80
00798 - 05 21 36 55 63
00799 - 05 21 36 55 71
00800 - 05 21 36 55 74
00801 - 05 21 36 55 75
00802 - 05 21 36 55 80
00803 - 05 21 36 63 71
00804 - 05 21 36 63 74
00805 - 05 21 36 63 75
00806 - 05 21 36 63 80
00807 - 05 21 36 71 74
00808 - 05 21 36 71 75
00809 - 05 21 36 71 80
00810 - 05 21 36 74 75
00811 - 05 21 36 74 80
00812 - 05 21 36 75 80
00813 - 05 21 52 55 63
00814 - 05 21 52 55 71
00815 - 05 21 52 55 74
00816 - 05 21 52 55 75
00817 - 05 21 52 55 80
00818 - 05 21 52 63 71
00819 - 05 21 52 63 74
00820 - 05 21 52 63 75
00821 - 05 21 52 63 80
00822 - 05 21 52 71 74
00823 - 05 21 52 71 75
00824 - 05 21 52 71 80
00825 - 05 21 52 74 75
00826 - 05 21 52 74 80
00827 - 05 21 52 75 80
00828 - 05 21 55 63 71
00829 - 05 21 55 63 74
00830 - 05 21 55 63 75
00831 - 05 21 55 63 80
00832 - 05 21 55 71 74
00833 - 05 21 55 71 75
00834 - 05 21 55 71 80
00835 - 05 21 55 74 75
00836 - 05 21 55 74 80
00837 - 05 21 55 75 80
00838 - 05 21 63 71 74
00839 - 05 21 63 71 75
00840 - 05 21 63 71 80
00841 - 05 21 63 74 75
00842 - 05 21 63 74 80
00843 - 05 21 63 75 80
00844 - 05 21 71 74 75
00845 - 05 21 71 74 80
00846 - 05 21 71 75 80
00847 - 05 21 74 75 80
00848 - 05 22 33 39 59
00849 - 05 22 33 39 60
00850 - 05 22 33 39 68
00851 - 05 22 33 39 70
00852 - 05 22 33 59 60
00853 - 05 22 33 59 68
00854 - 05 22 33 59 70
00855 - 05 22 33 60 68
00856 - 05 22 33 60 70
00857 - 05 22 33 68 70
00858 - 05 22 39 59 60
00859 - 05 22 39 59 68
00860 - 05 22 39 59 70
00861 - 05 22 39 60 68
00862 - 05 22 39 60 70
00863 - 05 22 39 68 70
00864 - 05 22 59 60 68
00865 - 05 22 59 60 70
00866 - 05 22 59 68 70
00867 - 05 22 60 68 70
00868 - 05 26 27 28 41
00869 - 05 26 27 28 44
00870 - 05 26 27 28 48
00871 - 05 26 27 28 65
00872 - 05 26 27 28 67
00873 - 05 26 27 41 44
00874 - 05 26 27 41 48
00875 - 05 26 27 41 65
00876 - 05 26 27 41 67
00877 - 05 26 27 44 48
00878 - 05 26 27 44 65
00879 - 05 26 27 44 67
00880 - 05 26 27 48 65
00881 - 05 26 27 48 67
00882 - 05 26 27 65 67
00883 - 05 26 28 41 44
00884 - 05 26 28 41 48
00885 - 05 26 28 41 65
00886 - 05 26 28 41 67
00887 - 05 26 28 44 48
00888 - 05 26 28 44 65
00889 - 05 26 28 44 67
00890 - 05 26 28 48 65
00891 - 05 26 28 48 67
00892 - 05 26 28 65 67
00893 - 05 26 41 44 48
00894 - 05 26 41 44 65
00895 - 05 26 41 44 67
00896 - 05 26 41 48 65
00897 - 05 26 41 48 67
00898 - 05 26 41 65 67
00899 - 05 26 44 48 65
00900 - 05 26 44 48 67
00901 - 05 26 44 65 67
00902 - 05 26 48 65 67
00903 - 05 27 28 41 44
00904 - 05 27 28 41 48
00905 - 05 27 28 41 65
00906 - 05 27 28 41 67
00907 - 05 27 28 44 48
00908 - 05 27 28 44 65
00909 - 05 27 28 44 67
00910 - 05 27 28 48 65
00911 - 05 27 28 48 67
00912 - 05 27 28 65 67
00913 - 05 27 41 44 48
00914 - 05 27 41 44 65
00915 - 05 27 41 44 67
00916 - 05 27 41 48 65
00917 - 05 27 41 48 67
00918 - 05 27 41 65 67
00919 - 05 27 44 48 65
00920 - 05 27 44 48 67
00921 - 05 27 44 65 67
00922 - 05 27 48 65 67
00923 - 05 28 41 44 48
00924 - 05 28 41 44 65
00925 - 05 28 41 44 67
00926 - 05 28 41 48 65
00927 - 05 28 41 48 67
00928 - 05 28 41 65 67
00929 - 05 28 44 48 65
00930 - 05 28 44 48 67
00931 - 05 28 44 65 67
00932 - 05 28 48 65 67
00933 - 05 33 39 59 60
00934 - 05 33 39 59 68
00935 - 05 33 39 59 70
00936 - 05 33 39 60 68
00937 - 05 33 39 60 70
00938 - 05 33 39 68 70
00939 - 05 33 59 60 68
00940 - 05 33 59 60 70
00941 - 05 33 59 68 70
00942 - 05 33 60 68 70
00943 - 05 36 52 55 63
00944 - 05 36 52 55 71
00945 - 05 36 52 55 74
00946 - 05 36 52 55 75
00947 - 05 36 52 55 80
00948 - 05 36 52 63 71
00949 - 05 36 52 63 74
00950 - 05 36 52 63 75
00951 - 05 36 52 63 80
00952 - 05 36 52 71 74
00953 - 05 36 52 71 75
00954 - 05 36 52 71 80
00955 - 05 36 52 74 75
00956 - 05 36 52 74 80
00957 - 05 36 52 75 80
00958 - 05 36 55 63 71
00959 - 05 36 55 63 74
00960 - 05 36 55 63 75
00961 - 05 36 55 63 80
00962 - 05 36 55 71 74
00963 - 05 36 55 71 75
00964 - 05 36 55 71 80
00965 - 05 36 55 74 75
00966 - 05 36 55 74 80
00967 - 05 36 55 75 80
00968 - 05 36 63 71 74
00969 - 05 36 63 71 75
00970 - 05 36 63 71 80
00971 - 05 36 63 74 75
00972 - 05 36 63 74 80
00973 - 05 36 63 75 80
00974 - 05 36 71 74 75
00975 - 05 36 71 74 80
00976 - 05 36 71 75 80
00977 - 05 36 74 75 80
00978 - 05 39 59 60 68
00979 - 05 39 59 60 70
00980 - 05 39 59 68 70
00981 - 05 39 60 68 70
00982 - 05 41 44 48 65
00983 - 05 41 44 48 67
00984 - 05 41 44 65 67
00985 - 05 41 48 65 67
00986 - 05 44 48 65 67
00987 - 05 52 55 63 71
00988 - 05 52 55 63 74
00989 - 05 52 55 63 75
00990 - 05 52 55 63 80
00991 - 05 52 55 71 74
00992 - 05 52 55 71 75
00993 - 05 52 55 71 80
00994 - 05 52 55 74 75
00995 - 05 52 55 74 80
00996 - 05 52 55 75 80
00997 - 05 52 63 71 74
00998 - 05 52 63 71 75
00999 - 05 52 63 71 80
01000 - 05 52 63 74 75
01001 - 05 52 63 74 80
01002 - 05 52 63 75 80
01003 - 05 52 71 74 75
01004 - 05 52 71 74 80
01005 - 05 52 71 75 80
01006 - 05 52 74 75 80
01007 - 05 55 63 71 74
01008 - 05 55 63 71 75
01009 - 05 55 63 71 80
01010 - 05 55 63 74 75
01011 - 05 55 63 74 80
01012 - 05 55 63 75 80
01013 - 05 55 71 74 75
01014 - 05 55 71 74 80
01015 - 05 55 71 75 80
01016 - 05 55 74 75 80
01017 - 05 59 60 68 70
01018 - 05 63 71 74 75
01019 - 05 63 71 74 80
01020 - 05 63 71 75 80
01021 - 05 63 74 75 80
01022 - 05 71 74 75 80
01023 - 06 11 13 14 33
01024 - 06 11 13 14 36
01025 - 06 11 13 14 37
01026 - 06 11 13 14 44
01027 - 06 11 13 14 54
01028 - 06 11 13 14 61
01029 - 06 11 13 33 36
01030 - 06 11 13 33 37
01031 - 06 11 13 33 44
01032 - 06 11 13 33 54
01033 - 06 11 13 33 61
01034 - 06 11 13 36 37
01035 - 06 11 13 36 44
01036 - 06 11 13 36 54
01037 - 06 11 13 36 61
01038 - 06 11 13 37 44
01039 - 06 11 13 37 54
01040 - 06 11 13 37 61
01041 - 06 11 13 44 54
01042 - 06 11 13 44 61
01043 - 06 11 13 54 61
01044 - 06 11 14 33 36
01045 - 06 11 14 33 37
01046 - 06 11 14 33 44
01047 - 06 11 14 33 54
01048 - 06 11 14 33 61
01049 - 06 11 14 36 37
01050 - 06 11 14 36 44
01051 - 06 11 14 36 54
01052 - 06 11 14 36 61
01053 - 06 11 14 37 44
01054 - 06 11 14 37 54
01055 - 06 11 14 37 61
01056 - 06 11 14 44 54
01057 - 06 11 14 44 61
01058 - 06 11 14 54 61
01059 - 06 11 33 36 37
01060 - 06 11 33 36 44
01061 - 06 11 33 36 54
01062 - 06 11 33 36 61
01063 - 06 11 33 37 44
01064 - 06 11 33 37 54
01065 - 06 11 33 37 61
01066 - 06 11 33 44 54
01067 - 06 11 33 44 61
01068 - 06 11 33 54 61
01069 - 06 11 36 37 44
01070 - 06 11 36 37 54
01071 - 06 11 36 37 61
01072 - 06 11 36 44 54
01073 - 06 11 36 44 61
01074 - 06 11 36 54 61
01075 - 06 11 37 44 54
01076 - 06 11 37 44 61
01077 - 06 11 37 54 61
01078 - 06 11 44 54 61
01079 - 06 13 14 33 36
01080 - 06 13 14 33 37
01081 - 06 13 14 33 44
01082 - 06 13 14 33 54
01083 - 06 13 14 33 61
01084 - 06 13 14 36 37
01085 - 06 13 14 36 44
01086 - 06 13 14 36 54
01087 - 06 13 14 36 61
01088 - 06 13 14 37 44
01089 - 06 13 14 37 54
01090 - 06 13 14 37 61
01091 - 06 13 14 44 54
01092 - 06 13 14 44 61
01093 - 06 13 14 54 61
01094 - 06 13 33 36 37
01095 - 06 13 33 36 44
01096 - 06 13 33 36 54
01097 - 06 13 33 36 61
01098 - 06 13 33 37 44
01099 - 06 13 33 37 54
01100 - 06 13 33 37 61
01101 - 06 13 33 44 54
01102 - 06 13 33 44 61
01103 - 06 13 33 54 61
01104 - 06 13 36 37 44
01105 - 06 13 36 37 54
01106 - 06 13 36 37 61
01107 - 06 13 36 44 54
01108 - 06 13 36 44 61
01109 - 06 13 36 54 61
01110 - 06 13 37 44 54
01111 - 06 13 37 44 61
01112 - 06 13 37 54 61
01113 - 06 13 44 54 61
01114 - 06 14 33 36 37
01115 - 06 14 33 36 44
01116 - 06 14 33 36 54
01117 - 06 14 33 36 61
01118 - 06 14 33 37 44
01119 - 06 14 33 37 54
01120 - 06 14 33 37 61
01121 - 06 14 33 44 54
01122 - 06 14 33 44 61
01123 - 06 14 33 54 61
01124 - 06 14 36 37 44
01125 - 06 14 36 37 54
01126 - 06 14 36 37 61
01127 - 06 14 36 44 54
01128 - 06 14 36 44 61
01129 - 06 14 36 54 61
01130 - 06 14 37 44 54
01131 - 06 14 37 44 61
01132 - 06 14 37 54 61
01133 - 06 14 44 54 61
01134 - 06 33 36 37 44
01135 - 06 33 36 37 54
01136 - 06 33 36 37 61
01137 - 06 33 36 44 54
01138 - 06 33 36 44 61
01139 - 06 33 36 54 61
01140 - 06 33 37 44 54
01141 - 06 33 37 44 61
01142 - 06 33 37 54 61
01143 - 06 33 44 54 61
01144 - 06 36 37 44 54
01145 - 06 36 37 44 61
01146 - 06 36 37 54 61
01147 - 06 36 44 54 61
01148 - 06 37 44 54 61
01149 - 07 10 13 16 22
01150 - 07 10 13 16 24
01151 - 07 10 13 16 28
01152 - 07 10 13 16 31
01153 - 07 10 13 16 42
01154 - 07 10 13 22 24
01155 - 07 10 13 22 28
01156 - 07 10 13 22 31
01157 - 07 10 13 22 42
01158 - 07 10 13 24 28
01159 - 07 10 13 24 31
01160 - 07 10 13 24 42
01161 - 07 10 13 28 31
01162 - 07 10 13 28 42
01163 - 07 10 13 31 42
01164 - 07 10 16 22 24
01165 - 07 10 16 22 28
01166 - 07 10 16 22 31
01167 - 07 10 16 22 42
01168 - 07 10 16 24 28
01169 - 07 10 16 24 31
01170 - 07 10 16 24 42
01171 - 07 10 16 28 31
01172 - 07 10 16 28 42
01173 - 07 10 16 31 42
01174 - 07 10 22 24 28
01175 - 07 10 22 24 31
01176 - 07 10 22 24 42
01177 - 07 10 22 28 31
01178 - 07 10 22 28 42
01179 - 07 10 22 31 42
01180 - 07 10 24 28 31
01181 - 07 10 24 28 42
01182 - 07 10 24 31 42
01183 - 07 10 28 31 42
01184 - 07 13 16 22 24
01185 - 07 13 16 22 28
01186 - 07 13 16 22 31
01187 - 07 13 16 22 42
01188 - 07 13 16 24 28
01189 - 07 13 16 24 31
01190 - 07 13 16 24 42
01191 - 07 13 16 28 31
01192 - 07 13 16 28 42
01193 - 07 13 16 31 42
01194 - 07 13 22 24 28
01195 - 07 13 22 24 31
01196 - 07 13 22 24 42
01197 - 07 13 22 28 31
01198 - 07 13 22 28 42
01199 - 07 13 22 31 42
01200 - 07 13 24 28 31
01201 - 07 13 24 28 42
01202 - 07 13 24 31 42
01203 - 07 13 28 31 42
01204 - 07 14 17 18 24
01205 - 07 14 17 18 41
01206 - 07 14 17 18 42
01207 - 07 14 17 18 46
01208 - 07 14 17 18 47
01209 - 07 14 17 18 75
01210 - 07 14 17 24 41
01211 - 07 14 17 24 42
01212 - 07 14 17 24 46
01213 - 07 14 17 24 47
01214 - 07 14 17 24 75
01215 - 07 14 17 41 42
01216 - 07 14 17 41 46
01217 - 07 14 17 41 47
01218 - 07 14 17 41 75
01219 - 07 14 17 42 46
01220 - 07 14 17 42 47
01221 - 07 14 17 42 75
01222 - 07 14 17 46 47
01223 - 07 14 17 46 75
01224 - 07 14 17 47 75
01225 - 07 14 18 24 41
01226 - 07 14 18 24 42
01227 - 07 14 18 24 46
01228 - 07 14 18 24 47
01229 - 07 14 18 24 75
01230 - 07 14 18 41 42
01231 - 07 14 18 41 46
01232 - 07 14 18 41 47
01233 - 07 14 18 41 75
01234 - 07 14 18 42 46
01235 - 07 14 18 42 47
01236 - 07 14 18 42 75
01237 - 07 14 18 46 47
01238 - 07 14 18 46 75
01239 - 07 14 18 47 75
01240 - 07 14 24 41 42
01241 - 07 14 24 41 46
01242 - 07 14 24 41 47
01243 - 07 14 24 41 75
01244 - 07 14 24 42 46
01245 - 07 14 24 42 47
01246 - 07 14 24 42 75
01247 - 07 14 24 46 47
01248 - 07 14 24 46 75
01249 - 07 14 24 47 75
01250 - 07 14 41 42 46
01251 - 07 14 41 42 47
01252 - 07 14 41 42 75
01253 - 07 14 41 46 47
01254 - 07 14 41 46 75
01255 - 07 14 41 47 75
01256 - 07 14 42 46 47
01257 - 07 14 42 46 75
01258 - 07 14 42 47 75
01259 - 07 14 46 47 75
01260 - 07 16 22 24 28
01261 - 07 16 22 24 31
01262 - 07 16 22 24 42
01263 - 07 16 22 28 31
01264 - 07 16 22 28 42
01265 - 07 16 22 31 42
01266 - 07 16 24 28 31
01267 - 07 16 24 28 42
01268 - 07 16 24 31 42
01269 - 07 16 28 31 42
01270 - 07 17 18 24 41
01271 - 07 17 18 24 42
01272 - 07 17 18 24 46
01273 - 07 17 18 24 47
01274 - 07 17 18 24 75
01275 - 07 17 18 41 42
01276 - 07 17 18 41 46
01277 - 07 17 18 41 47
01278 - 07 17 18 41 75
01279 - 07 17 18 42 46
01280 - 07 17 18 42 47
01281 - 07 17 18 42 75
01282 - 07 17 18 46 47
01283 - 07 17 18 46 75
01284 - 07 17 18 47 75
01285 - 07 17 24 41 42
01286 - 07 17 24 41 46
01287 - 07 17 24 41 47
01288 - 07 17 24 41 75
01289 - 07 17 24 42 46
01290 - 07 17 24 42 47
01291 - 07 17 24 42 75
01292 - 07 17 24 46 47
01293 - 07 17 24 46 75
01294 - 07 17 24 47 75
01295 - 07 17 41 42 46
01296 - 07 17 41 42 47
01297 - 07 17 41 42 75
01298 - 07 17 41 46 47
01299 - 07 17 41 46 75
01300 - 07 17 41 47 75
01301 - 07 17 42 46 47
01302 - 07 17 42 46 75
01303 - 07 17 42 47 75
01304 - 07 17 46 47 75
01305 - 07 18 24 41 42
01306 - 07 18 24 41 46
01307 - 07 18 24 41 47
01308 - 07 18 24 41 75
01309 - 07 18 24 42 46
01310 - 07 18 24 42 47
01311 - 07 18 24 42 75
01312 - 07 18 24 46 47
01313 - 07 18 24 46 75
01314 - 07 18 24 47 75
01315 - 07 18 41 42 46
01316 - 07 18 41 42 47
01317 - 07 18 41 42 75
01318 - 07 18 41 46 47
01319 - 07 18 41 46 75
01320 - 07 18 41 47 75
01321 - 07 18 42 46 47
01322 - 07 18 42 46 75
01323 - 07 18 42 47 75
01324 - 07 18 46 47 75
01325 - 07 22 24 28 31
01326 - 07 22 24 28 42
01327 - 07 22 24 31 42
01328 - 07 22 28 31 42
01329 - 07 24 28 31 42
01330 - 07 24 41 42 46
01331 - 07 24 41 42 47
01332 - 07 24 41 42 75
01333 - 07 24 41 46 47
01334 - 07 24 41 46 75
01335 - 07 24 41 47 75
01336 - 07 24 42 46 47
01337 - 07 24 42 46 75
01338 - 07 24 42 47 75
01339 - 07 24 46 47 75
01340 - 07 41 42 46 47
01341 - 07 41 42 46 75
01342 - 07 41 42 47 75
01343 - 07 41 46 47 75
01344 - 07 42 46 47 75
01345 - 08 13 20 22 39
01346 - 08 13 20 22 52
01347 - 08 13 20 22 54
01348 - 08 13 20 22 56
01349 - 08 13 20 22 74
01350 - 08 13 20 22 76
01351 - 08 13 20 39 52
01352 - 08 13 20 39 54
01353 - 08 13 20 39 56
01354 - 08 13 20 39 74
01355 - 08 13 20 39 76
01356 - 08 13 20 52 54
01357 - 08 13 20 52 56
01358 - 08 13 20 52 74
01359 - 08 13 20 52 76
01360 - 08 13 20 54 56
01361 - 08 13 20 54 74
01362 - 08 13 20 54 76
01363 - 08 13 20 56 74
01364 - 08 13 20 56 76
01365 - 08 13 20 74 76
01366 - 08 13 22 39 52
01367 - 08 13 22 39 54
01368 - 08 13 22 39 56
01369 - 08 13 22 39 74
01370 - 08 13 22 39 76
01371 - 08 13 22 52 54
01372 - 08 13 22 52 56
01373 - 08 13 22 52 74
01374 - 08 13 22 52 76
01375 - 08 13 22 54 56
01376 - 08 13 22 54 74
01377 - 08 13 22 54 76
01378 - 08 13 22 56 74
01379 - 08 13 22 56 76
01380 - 08 13 22 74 76
01381 - 08 13 39 52 54
01382 - 08 13 39 52 56
01383 - 08 13 39 52 74
01384 - 08 13 39 52 76
01385 - 08 13 39 54 56
01386 - 08 13 39 54 74
01387 - 08 13 39 54 76
01388 - 08 13 39 56 74
01389 - 08 13 39 56 76
01390 - 08 13 39 74 76
01391 - 08 13 52 54 56
01392 - 08 13 52 54 74
01393 - 08 13 52 54 76
01394 - 08 13 52 56 74
01395 - 08 13 52 56 76
01396 - 08 13 52 74 76
01397 - 08 13 54 56 74
01398 - 08 13 54 56 76
01399 - 08 13 54 74 76
01400 - 08 13 56 74 76
01401 - 08 20 22 39 52
01402 - 08 20 22 39 54
01403 - 08 20 22 39 56
01404 - 08 20 22 39 74
01405 - 08 20 22 39 76
01406 - 08 20 22 52 54
01407 - 08 20 22 52 56
01408 - 08 20 22 52 74
01409 - 08 20 22 52 76
01410 - 08 20 22 54 56
01411 - 08 20 22 54 74
01412 - 08 20 22 54 76
01413 - 08 20 22 56 74
01414 - 08 20 22 56 76
01415 - 08 20 22 74 76
01416 - 08 20 39 52 54
01417 - 08 20 39 52 56
01418 - 08 20 39 52 74
01419 - 08 20 39 52 76
01420 - 08 20 39 54 56
01421 - 08 20 39 54 74
01422 - 08 20 39 54 76
01423 - 08 20 39 56 74
01424 - 08 20 39 56 76
01425 - 08 20 39 74 76
01426 - 08 20 52 54 56
01427 - 08 20 52 54 74
01428 - 08 20 52 54 76
01429 - 08 20 52 56 74
01430 - 08 20 52 56 76
01431 - 08 20 52 74 76
01432 - 08 20 54 56 74
01433 - 08 20 54 56 76
01434 - 08 20 54 74 76
01435 - 08 20 56 74 76
01436 - 08 22 39 52 54
01437 - 08 22 39 52 56
01438 - 08 22 39 52 74
01439 - 08 22 39 52 76
01440 - 08 22 39 54 56
01441 - 08 22 39 54 74
01442 - 08 22 39 54 76
01443 - 08 22 39 56 74
01444 - 08 22 39 56 76
01445 - 08 22 39 74 76
01446 - 08 22 52 54 56
01447 - 08 22 52 54 74
01448 - 08 22 52 54 76
01449 - 08 22 52 56 74
01450 - 08 22 52 56 76
01451 - 08 22 52 74 76
01452 - 08 22 54 56 74
01453 - 08 22 54 56 76
01454 - 08 22 54 74 76
01455 - 08 22 56 74 76
01456 - 08 39 52 54 56
01457 - 08 39 52 54 74
01458 - 08 39 52 54 76
01459 - 08 39 52 56 74
01460 - 08 39 52 56 76
01461 - 08 39 52 74 76
01462 - 08 39 54 56 74
01463 - 08 39 54 56 76
01464 - 08 39 54 74 76
01465 - 08 39 56 74 76
01466 - 08 52 54 56 74
01467 - 08 52 54 56 76
01468 - 08 52 54 74 76
01469 - 08 52 56 74 76
01470 - 08 54 56 74 76
01471 - 10 13 16 22 24
01472 - 10 13 16 22 28
01473 - 10 13 16 22 31
01474 - 10 13 16 22 42
01475 - 10 13 16 24 28
01476 - 10 13 16 24 31
01477 - 10 13 16 24 42
01478 - 10 13 16 28 31
01479 - 10 13 16 28 42
01480 - 10 13 16 31 42
01481 - 10 13 22 24 28
01482 - 10 13 22 24 31
01483 - 10 13 22 24 42
01484 - 10 13 22 28 31
01485 - 10 13 22 28 42
01486 - 10 13 22 31 42
01487 - 10 13 24 28 31
01488 - 10 13 24 28 42
01489 - 10 13 24 31 42
01490 - 10 13 28 31 42
01491 - 10 16 22 24 28
01492 - 10 16 22 24 31
01493 - 10 16 22 24 42
01494 - 10 16 22 28 31
01495 - 10 16 22 28 42
01496 - 10 16 22 31 42
01497 - 10 16 22 33 39
01498 - 10 16 22 33 59
01499 - 10 16 22 33 60
01500 - 10 16 22 33 68
01501 - 10 16 22 33 70
01502 - 10 16 22 39 59
01503 - 10 16 22 39 60
01504 - 10 16 22 39 68
01505 - 10 16 22 39 70
01506 - 10 16 22 59 60
01507 - 10 16 22 59 68
01508 - 10 16 22 59 70
01509 - 10 16 22 60 68
01510 - 10 16 22 60 70
01511 - 10 16 22 68 70
01512 - 10 16 24 28 31
01513 - 10 16 24 28 42
01514 - 10 16 24 31 42
01515 - 10 16 28 31 42
01516 - 10 16 33 39 59
01517 - 10 16 33 39 60
01518 - 10 16 33 39 68
01519 - 10 16 33 39 70
01520 - 10 16 33 59 60
01521 - 10 16 33 59 68
01522 - 10 16 33 59 70
01523 - 10 16 33 60 68
01524 - 10 16 33 60 70
01525 - 10 16 33 68 70
01526 - 10 16 39 59 60
01527 - 10 16 39 59 68
01528 - 10 16 39 59 70
01529 - 10 16 39 60 68
01530 - 10 16 39 60 70
01531 - 10 16 39 68 70
01532 - 10 16 59 60 68
01533 - 10 16 59 60 70
01534 - 10 16 59 68 70
01535 - 10 16 60 68 70
01536 - 10 22 24 28 31
01537 - 10 22 24 28 42
01538 - 10 22 24 31 42
01539 - 10 22 28 31 42
01540 - 10 22 33 39 59
01541 - 10 22 33 39 60
01542 - 10 22 33 39 68
01543 - 10 22 33 39 70
01544 - 10 22 33 59 60
01545 - 10 22 33 59 68
01546 - 10 22 33 59 70
01547 - 10 22 33 60 68
01548 - 10 22 33 60 70
01549 - 10 22 33 68 70
01550 - 10 22 39 59 60
01551 - 10 22 39 59 68
01552 - 10 22 39 59 70
01553 - 10 22 39 60 68
01554 - 10 22 39 60 70
01555 - 10 22 39 68 70
01556 - 10 22 59 60 68
01557 - 10 22 59 60 70
01558 - 10 22 59 68 70
01559 - 10 22 60 68 70
01560 - 10 24 28 31 42
01561 - 10 33 39 59 60
01562 - 10 33 39 59 68
01563 - 10 33 39 59 70
01564 - 10 33 39 60 68
01565 - 10 33 39 60 70
01566 - 10 33 39 68 70
01567 - 10 33 59 60 68
01568 - 10 33 59 60 70
01569 - 10 33 59 68 70
01570 - 10 33 60 68 70
01571 - 10 39 59 60 68
01572 - 10 39 59 60 70
01573 - 10 39 59 68 70
01574 - 10 39 60 68 70
01575 - 10 59 60 68 70
01576 - 11 13 14 33 36
01577 - 11 13 14 33 37
01578 - 11 13 14 33 44
01579 - 11 13 14 33 54
01580 - 11 13 14 33 61
01581 - 11 13 14 36 37
01582 - 11 13 14 36 44
01583 - 11 13 14 36 54
01584 - 11 13 14 36 61
01585 - 11 13 14 37 44
01586 - 11 13 14 37 54
01587 - 11 13 14 37 61
01588 - 11 13 14 44 54
01589 - 11 13 14 44 61
01590 - 11 13 14 54 61
01591 - 11 13 33 36 37
01592 - 11 13 33 36 44
01593 - 11 13 33 36 54
01594 - 11 13 33 36 61
01595 - 11 13 33 37 44
01596 - 11 13 33 37 54
01597 - 11 13 33 37 61
01598 - 11 13 33 44 54
01599 - 11 13 33 44 61
01600 - 11 13 33 54 61
01601 - 11 13 36 37 44
01602 - 11 13 36 37 54
01603 - 11 13 36 37 61
01604 - 11 13 36 44 54
01605 - 11 13 36 44 61
01606 - 11 13 36 54 61
01607 - 11 13 37 44 54
01608 - 11 13 37 44 61
01609 - 11 13 37 54 61
01610 - 11 13 44 54 61
01611 - 11 14 33 36 37
01612 - 11 14 33 36 44
01613 - 11 14 33 36 54
01614 - 11 14 33 36 61
01615 - 11 14 33 37 44
01616 - 11 14 33 37 54
01617 - 11 14 33 37 61
01618 - 11 14 33 44 54
01619 - 11 14 33 44 61
01620 - 11 14 33 54 61
01621 - 11 14 36 37 44
01622 - 11 14 36 37 54
01623 - 11 14 36 37 61
01624 - 11 14 36 44 54
01625 - 11 14 36 44 61
01626 - 11 14 36 54 61
01627 - 11 14 37 44 54
01628 - 11 14 37 44 61
01629 - 11 14 37 54 61
01630 - 11 14 44 54 61
01631 - 11 33 36 37 44
01632 - 11 33 36 37 54
01633 - 11 33 36 37 61
01634 - 11 33 36 44 54
01635 - 11 33 36 44 61
01636 - 11 33 36 54 61
01637 - 11 33 37 44 54
01638 - 11 33 37 44 61
01639 - 11 33 37 54 61
01640 - 11 33 44 54 61
01641 - 11 36 37 44 54
01642 - 11 36 37 44 61
01643 - 11 36 37 54 61
01644 - 11 36 44 54 61
01645 - 11 37 44 54 61
01646 - 12 16 19 27 30
01647 - 12 16 19 27 41
01648 - 12 16 19 27 43
01649 - 12 16 19 27 51
01650 - 12 16 19 27 57
01651 - 12 16 19 27 63
01652 - 12 16 19 30 41
01653 - 12 16 19 30 43
01654 - 12 16 19 30 51
01655 - 12 16 19 30 57
01656 - 12 16 19 30 63
01657 - 12 16 19 41 43
01658 - 12 16 19 41 51
01659 - 12 16 19 41 57
01660 - 12 16 19 41 63
01661 - 12 16 19 43 51
01662 - 12 16 19 43 57
01663 - 12 16 19 43 63
01664 - 12 16 19 51 57
01665 - 12 16 19 51 63
01666 - 12 16 19 57 63
01667 - 12 16 27 30 41
01668 - 12 16 27 30 43
01669 - 12 16 27 30 51
01670 - 12 16 27 30 57
01671 - 12 16 27 30 63
01672 - 12 16 27 41 43
01673 - 12 16 27 41 51
01674 - 12 16 27 41 57
01675 - 12 16 27 41 63
01676 - 12 16 27 43 51
01677 - 12 16 27 43 57
01678 - 12 16 27 43 63
01679 - 12 16 27 51 57
01680 - 12 16 27 51 63
01681 - 12 16 27 57 63
01682 - 12 16 30 41 43
01683 - 12 16 30 41 51
01684 - 12 16 30 41 57
01685 - 12 16 30 41 63
01686 - 12 16 30 43 51
01687 - 12 16 30 43 57
01688 - 12 16 30 43 63
01689 - 12 16 30 51 57
01690 - 12 16 30 51 63
01691 - 12 16 30 57 63
01692 - 12 16 41 43 51
01693 - 12 16 41 43 57
01694 - 12 16 41 43 63
01695 - 12 16 41 51 57
01696 - 12 16 41 51 63
01697 - 12 16 41 57 63
01698 - 12 16 43 51 57
01699 - 12 16 43 51 63
01700 - 12 16 43 57 63
01701 - 12 16 51 57 63
01702 - 12 19 27 30 41
01703 - 12 19 27 30 43
01704 - 12 19 27 30 51
01705 - 12 19 27 30 57
01706 - 12 19 27 30 63
01707 - 12 19 27 41 43
01708 - 12 19 27 41 51
01709 - 12 19 27 41 57
01710 - 12 19 27 41 63
01711 - 12 19 27 43 51
01712 - 12 19 27 43 57
01713 - 12 19 27 43 63
01714 - 12 19 27 51 57
01715 - 12 19 27 51 63
01716 - 12 19 27 57 63
01717 - 12 19 30 41 43
01718 - 12 19 30 41 51
01719 - 12 19 30 41 57
01720 - 12 19 30 41 63
01721 - 12 19 30 43 51
01722 - 12 19 30 43 57
01723 - 12 19 30 43 63
01724 - 12 19 30 51 57
01725 - 12 19 30 51 63
01726 - 12 19 30 57 63
01727 - 12 19 41 43 51
01728 - 12 19 41 43 57
01729 - 12 19 41 43 63
01730 - 12 19 41 51 57
01731 - 12 19 41 51 63
01732 - 12 19 41 57 63
01733 - 12 19 43 51 57
01734 - 12 19 43 51 63
01735 - 12 19 43 57 63
01736 - 12 19 51 57 63
01737 - 12 27 30 41 43
01738 - 12 27 30 41 51
01739 - 12 27 30 41 57
01740 - 12 27 30 41 63
01741 - 12 27 30 43 51
01742 - 12 27 30 43 57
01743 - 12 27 30 43 63
01744 - 12 27 30 51 57
01745 - 12 27 30 51 63
01746 - 12 27 30 57 63
01747 - 12 27 41 43 51
01748 - 12 27 41 43 57
01749 - 12 27 41 43 63
01750 - 12 27 41 51 57
01751 - 12 27 41 51 63
01752 - 12 27 41 57 63
01753 - 12 27 43 51 57
01754 - 12 27 43 51 63
01755 - 12 27 43 57 63
01756 - 12 27 51 57 63
01757 - 12 30 41 43 51
01758 - 12 30 41 43 57
01759 - 12 30 41 43 63
01760 - 12 30 41 51 57
01761 - 12 30 41 51 63
01762 - 12 30 41 57 63
01763 - 12 30 43 51 57
01764 - 12 30 43 51 63
01765 - 12 30 43 57 63
01766 - 12 30 51 57 63
01767 - 12 41 43 51 57
01768 - 12 41 43 51 63
01769 - 12 41 43 57 63
01770 - 12 41 51 57 63
01771 - 12 43 51 57 63
01772 - 13 14 33 36 37
01773 - 13 14 33 36 44
01774 - 13 14 33 36 54
01775 - 13 14 33 36 61
01776 - 13 14 33 37 44
01777 - 13 14 33 37 54
01778 - 13 14 33 37 61
01779 - 13 14 33 44 54
01780 - 13 14 33 44 61
01781 - 13 14 33 54 61
01782 - 13 14 36 37 44
01783 - 13 14 36 37 54
01784 - 13 14 36 37 61
01785 - 13 14 36 44 54
01786 - 13 14 36 44 61
01787 - 13 14 36 54 61
01788 - 13 14 37 44 54
01789 - 13 14 37 44 61
01790 - 13 14 37 54 61
01791 - 13 14 44 54 61
01792 - 13 16 22 24 28
01793 - 13 16 22 24 31
01794 - 13 16 22 24 42
01795 - 13 16 22 28 31
01796 - 13 16 22 28 42
01797 - 13 16 22 31 42
01798 - 13 16 24 28 31
01799 - 13 16 24 28 42
01800 - 13 16 24 31 42
01801 - 13 16 28 31 42
01802 - 13 20 22 39 52
01803 - 13 20 22 39 54
01804 - 13 20 22 39 56
01805 - 13 20 22 39 74
01806 - 13 20 22 39 76
01807 - 13 20 22 52 54
01808 - 13 20 22 52 56
01809 - 13 20 22 52 74
01810 - 13 20 22 52 76
01811 - 13 20 22 54 56
01812 - 13 20 22 54 74
01813 - 13 20 22 54 76
01814 - 13 20 22 56 74
01815 - 13 20 22 56 76
01816 - 13 20 22 74 76
01817 - 13 20 39 52 54
01818 - 13 20 39 52 56
01819 - 13 20 39 52 74
01820 - 13 20 39 52 76
01821 - 13 20 39 54 56
01822 - 13 20 39 54 74
01823 - 13 20 39 54 76
01824 - 13 20 39 56 74
01825 - 13 20 39 56 76
01826 - 13 20 39 74 76
01827 - 13 20 52 54 56
01828 - 13 20 52 54 74
01829 - 13 20 52 54 76
01830 - 13 20 52 56 74
01831 - 13 20 52 56 76
01832 - 13 20 52 74 76
01833 - 13 20 54 56 74
01834 - 13 20 54 56 76
01835 - 13 20 54 74 76
01836 - 13 20 56 74 76
01837 - 13 22 24 28 31
01838 - 13 22 24 28 42
01839 - 13 22 24 31 42
01840 - 13 22 28 31 42
01841 - 13 22 39 52 54
01842 - 13 22 39 52 56
01843 - 13 22 39 52 74
01844 - 13 22 39 52 76
01845 - 13 22 39 54 56
01846 - 13 22 39 54 74
01847 - 13 22 39 54 76
01848 - 13 22 39 56 74
01849 - 13 22 39 56 76
01850 - 13 22 39 74 76
01851 - 13 22 52 54 56
01852 - 13 22 52 54 74
01853 - 13 22 52 54 76
01854 - 13 22 52 56 74
01855 - 13 22 52 56 76
01856 - 13 22 52 74 76
01857 - 13 22 54 56 74
01858 - 13 22 54 56 76
01859 - 13 22 54 74 76
01860 - 13 22 56 74 76
01861 - 13 24 28 31 42
01862 - 13 33 36 37 44
01863 - 13 33 36 37 54
01864 - 13 33 36 37 61
01865 - 13 33 36 44 54
01866 - 13 33 36 44 61
01867 - 13 33 36 54 61
01868 - 13 33 37 44 54
01869 - 13 33 37 44 61
01870 - 13 33 37 54 61
01871 - 13 33 44 54 61
01872 - 13 36 37 44 54
01873 - 13 36 37 44 61
01874 - 13 36 37 54 61
01875 - 13 36 44 54 61
01876 - 13 37 44 54 61
01877 - 13 39 52 54 56
01878 - 13 39 52 54 74
01879 - 13 39 52 54 76
01880 - 13 39 52 56 74
01881 - 13 39 52 56 76
01882 - 13 39 52 74 76
01883 - 13 39 54 56 74
01884 - 13 39 54 56 76
01885 - 13 39 54 74 76
01886 - 13 39 56 74 76
01887 - 13 52 54 56 74
01888 - 13 52 54 56 76
01889 - 13 52 54 74 76
01890 - 13 52 56 74 76
01891 - 13 54 56 74 76
01892 - 14 17 18 24 41
01893 - 14 17 18 24 42
01894 - 14 17 18 24 46
01895 - 14 17 18 24 47
01896 - 14 17 18 24 75
01897 - 14 17 18 41 42
01898 - 14 17 18 41 46
01899 - 14 17 18 41 47
01900 - 14 17 18 41 75
01901 - 14 17 18 42 46
01902 - 14 17 18 42 47
01903 - 14 17 18 42 75
01904 - 14 17 18 46 47
01905 - 14 17 18 46 75
01906 - 14 17 18 47 75
01907 - 14 17 24 41 42
01908 - 14 17 24 41 46
01909 - 14 17 24 41 47
01910 - 14 17 24 41 75
01911 - 14 17 24 42 46
01912 - 14 17 24 42 47
01913 - 14 17 24 42 75
01914 - 14 17 24 46 47
01915 - 14 17 24 46 75
01916 - 14 17 24 47 75
01917 - 14 17 41 42 46
01918 - 14 17 41 42 47
01919 - 14 17 41 42 75
01920 - 14 17 41 46 47
01921 - 14 17 41 46 75
01922 - 14 17 41 47 75
01923 - 14 17 42 46 47
01924 - 14 17 42 46 75
01925 - 14 17 42 47 75
01926 - 14 17 46 47 75
01927 - 14 18 24 41 42
01928 - 14 18 24 41 46
01929 - 14 18 24 41 47
01930 - 14 18 24 41 75
01931 - 14 18 24 42 46
01932 - 14 18 24 42 47
01933 - 14 18 24 42 75
01934 - 14 18 24 46 47
01935 - 14 18 24 46 75
01936 - 14 18 24 47 75
01937 - 14 18 41 42 46
01938 - 14 18 41 42 47
01939 - 14 18 41 42 75
01940 - 14 18 41 46 47
01941 - 14 18 41 46 75
01942 - 14 18 41 47 75
01943 - 14 18 42 46 47
01944 - 14 18 42 46 75
01945 - 14 18 42 47 75
01946 - 14 18 46 47 75
01947 - 14 24 41 42 46
01948 - 14 24 41 42 47
01949 - 14 24 41 42 75
01950 - 14 24 41 46 47
01951 - 14 24 41 46 75
01952 - 14 24 41 47 75
01953 - 14 24 42 46 47
01954 - 14 24 42 46 75
01955 - 14 24 42 47 75
01956 - 14 24 46 47 75
01957 - 14 33 36 37 44
01958 - 14 33 36 37 54
01959 - 14 33 36 37 61
01960 - 14 33 36 44 54
01961 - 14 33 36 44 61
01962 - 14 33 36 54 61
01963 - 14 33 37 44 54
01964 - 14 33 37 44 61
01965 - 14 33 37 54 61
01966 - 14 33 44 54 61
01967 - 14 36 37 44 54
01968 - 14 36 37 44 61
01969 - 14 36 37 54 61
01970 - 14 36 44 54 61
01971 - 14 37 44 54 61
01972 - 14 41 42 46 47
01973 - 14 41 42 46 75
01974 - 14 41 42 47 75
01975 - 14 41 46 47 75
01976 - 14 42 46 47 75
01977 - 15 18 44 45 46
01978 - 15 18 44 45 53
01979 - 15 18 44 45 58
01980 - 15 18 44 45 61
01981 - 15 18 44 45 63
01982 - 15 18 44 45 65
01983 - 15 18 44 46 53
01984 - 15 18 44 46 58
01985 - 15 18 44 46 61
01986 - 15 18 44 46 63
01987 - 15 18 44 46 65
01988 - 15 18 44 53 58
01989 - 15 18 44 53 61
01990 - 15 18 44 53 63
01991 - 15 18 44 53 65
01992 - 15 18 44 58 61
01993 - 15 18 44 58 63
01994 - 15 18 44 58 65
01995 - 15 18 44 61 63
01996 - 15 18 44 61 65
01997 - 15 18 44 63 65
01998 - 15 18 45 46 53
01999 - 15 18 45 46 58
02000 - 15 18 45 46 61
02001 - 15 18 45 46 63
02002 - 15 18 45 46 65
02003 - 15 18 45 53 58
02004 - 15 18 45 53 61
02005 - 15 18 45 53 63
02006 - 15 18 45 53 65
02007 - 15 18 45 58 61
02008 - 15 18 45 58 63
02009 - 15 18 45 58 65
02010 - 15 18 45 61 63
02011 - 15 18 45 61 65
02012 - 15 18 45 63 65
02013 - 15 18 46 53 58
02014 - 15 18 46 53 61
02015 - 15 18 46 53 63
02016 - 15 18 46 53 65
02017 - 15 18 46 58 61
02018 - 15 18 46 58 63
02019 - 15 18 46 58 65
02020 - 15 18 46 61 63
02021 - 15 18 46 61 65
02022 - 15 18 46 63 65
02023 - 15 18 53 58 61
02024 - 15 18 53 58 63
02025 - 15 18 53 58 65
02026 - 15 18 53 61 63
02027 - 15 18 53 61 65
02028 - 15 18 53 63 65
02029 - 15 18 58 61 63
02030 - 15 18 58 61 65
02031 - 15 18 58 63 65
02032 - 15 18 61 63 65
02033 - 15 19 21 29 43
02034 - 15 19 21 29 59
02035 - 15 19 21 29 66
02036 - 15 19 21 29 71
02037 - 15 19 21 29 72
02038 - 15 19 21 29 77
02039 - 15 19 21 43 59
02040 - 15 19 21 43 66
02041 - 15 19 21 43 71
02042 - 15 19 21 43 72
02043 - 15 19 21 43 77
02044 - 15 19 21 59 66
02045 - 15 19 21 59 71
02046 - 15 19 21 59 72
02047 - 15 19 21 59 77
02048 - 15 19 21 66 71
02049 - 15 19 21 66 72
02050 - 15 19 21 66 77
02051 - 15 19 21 71 72
02052 - 15 19 21 71 77
02053 - 15 19 21 72 77
02054 - 15 19 29 43 59
02055 - 15 19 29 43 66
02056 - 15 19 29 43 71
02057 - 15 19 29 43 72
02058 - 15 19 29 43 77
02059 - 15 19 29 59 66
02060 - 15 19 29 59 71
02061 - 15 19 29 59 72
02062 - 15 19 29 59 77
02063 - 15 19 29 66 71
02064 - 15 19 29 66 72
02065 - 15 19 29 66 77
02066 - 15 19 29 71 72
02067 - 15 19 29 71 77
02068 - 15 19 29 72 77
02069 - 15 19 43 59 66
02070 - 15 19 43 59 71
02071 - 15 19 43 59 72
02072 - 15 19 43 59 77
02073 - 15 19 43 66 71
02074 - 15 19 43 66 72
02075 - 15 19 43 66 77
02076 - 15 19 43 71 72
02077 - 15 19 43 71 77
02078 - 15 19 43 72 77
02079 - 15 19 59 66 71
02080 - 15 19 59 66 72
02081 - 15 19 59 66 77
02082 - 15 19 59 71 72
02083 - 15 19 59 71 77
02084 - 15 19 59 72 77
02085 - 15 19 66 71 72
02086 - 15 19 66 71 77
02087 - 15 19 66 72 77
02088 - 15 19 71 72 77
02089 - 15 21 29 43 59
02090 - 15 21 29 43 66
02091 - 15 21 29 43 71
02092 - 15 21 29 43 72
02093 - 15 21 29 43 77
02094 - 15 21 29 59 66
02095 - 15 21 29 59 71
02096 - 15 21 29 59 72
02097 - 15 21 29 59 77
02098 - 15 21 29 66 71
02099 - 15 21 29 66 72
02100 - 15 21 29 66 77
02101 - 15 21 29 71 72
02102 - 15 21 29 71 77
02103 - 15 21 29 72 77
02104 - 15 21 43 59 66
02105 - 15 21 43 59 71
02106 - 15 21 43 59 72
02107 - 15 21 43 59 77
02108 - 15 21 43 66 71
02109 - 15 21 43 66 72
02110 - 15 21 43 66 77
02111 - 15 21 43 71 72
02112 - 15 21 43 71 77
02113 - 15 21 43 72 77
02114 - 15 21 59 66 71
02115 - 15 21 59 66 72
02116 - 15 21 59 66 77
02117 - 15 21 59 71 72
02118 - 15 21 59 71 77
02119 - 15 21 59 72 77
02120 - 15 21 66 71 72
02121 - 15 21 66 71 77
02122 - 15 21 66 72 77
02123 - 15 21 71 72 77
02124 - 15 29 43 59 66
02125 - 15 29 43 59 71
02126 - 15 29 43 59 72
02127 - 15 29 43 59 77
02128 - 15 29 43 66 71
02129 - 15 29 43 66 72
02130 - 15 29 43 66 77
02131 - 15 29 43 71 72
02132 - 15 29 43 71 77
02133 - 15 29 43 72 77
02134 - 15 29 59 66 71
02135 - 15 29 59 66 72
02136 - 15 29 59 66 77
02137 - 15 29 59 71 72
02138 - 15 29 59 71 77
02139 - 15 29 59 72 77
02140 - 15 29 66 71 72
02141 - 15 29 66 71 77
02142 - 15 29 66 72 77
02143 - 15 29 71 72 77
02144 - 15 43 59 66 71
02145 - 15 43 59 66 72
02146 - 15 43 59 66 77
02147 - 15 43 59 71 72
02148 - 15 43 59 71 77
02149 - 15 43 59 72 77
02150 - 15 43 66 71 72
02151 - 15 43 66 71 77
02152 - 15 43 66 72 77
02153 - 15 43 71 72 77
02154 - 15 44 45 46 53
02155 - 15 44 45 46 58
02156 - 15 44 45 46 61
02157 - 15 44 45 46 63
02158 - 15 44 45 46 65
02159 - 15 44 45 53 58
02160 - 15 44 45 53 61
02161 - 15 44 45 53 63
02162 - 15 44 45 53 65
02163 - 15 44 45 58 61
02164 - 15 44 45 58 63
02165 - 15 44 45 58 65
02166 - 15 44 45 61 63
02167 - 15 44 45 61 65
02168 - 15 44 45 63 65
02169 - 15 44 46 53 58
02170 - 15 44 46 53 61
02171 - 15 44 46 53 63
02172 - 15 44 46 53 65
02173 - 15 44 46 58 61
02174 - 15 44 46 58 63
02175 - 15 44 46 58 65
02176 - 15 44 46 61 63
02177 - 15 44 46 61 65
02178 - 15 44 46 63 65
02179 - 15 44 53 58 61
02180 - 15 44 53 58 63
02181 - 15 44 53 58 65
02182 - 15 44 53 61 63
02183 - 15 44 53 61 65
02184 - 15 44 53 63 65
02185 - 15 44 58 61 63
02186 - 15 44 58 61 65
02187 - 15 44 58 63 65
02188 - 15 44 61 63 65
02189 - 15 45 46 53 58
02190 - 15 45 46 53 61
02191 - 15 45 46 53 63
02192 - 15 45 46 53 65
02193 - 15 45 46 58 61
02194 - 15 45 46 58 63
02195 - 15 45 46 58 65
02196 - 15 45 46 61 63
02197 - 15 45 46 61 65
02198 - 15 45 46 63 65
02199 - 15 45 53 58 61
02200 - 15 45 53 58 63
02201 - 15 45 53 58 65
02202 - 15 45 53 61 63
02203 - 15 45 53 61 65
02204 - 15 45 53 63 65
02205 - 15 45 58 61 63
02206 - 15 45 58 61 65
02207 - 15 45 58 63 65
02208 - 15 45 61 63 65
02209 - 15 46 53 58 61
02210 - 15 46 53 58 63
02211 - 15 46 53 58 65
02212 - 15 46 53 61 63
02213 - 15 46 53 61 65
02214 - 15 46 53 63 65
02215 - 15 46 58 61 63
02216 - 15 46 58 61 65
02217 - 15 46 58 63 65
02218 - 15 46 61 63 65
02219 - 15 53 58 61 63
02220 - 15 53 58 61 65
02221 - 15 53 58 63 65
02222 - 15 53 61 63 65
02223 - 15 58 61 63 65
02224 - 15 59 66 71 72
02225 - 15 59 66 71 77
02226 - 15 59 66 72 77
02227 - 15 59 71 72 77
02228 - 15 66 71 72 77
02229 - 16 19 27 30 41
02230 - 16 19 27 30 43
02231 - 16 19 27 30 51
02232 - 16 19 27 30 57
02233 - 16 19 27 30 63
02234 - 16 19 27 41 43
02235 - 16 19 27 41 51
02236 - 16 19 27 41 57
02237 - 16 19 27 41 63
02238 - 16 19 27 43 51
02239 - 16 19 27 43 57
02240 - 16 19 27 43 63
02241 - 16 19 27 51 57
02242 - 16 19 27 51 63
02243 - 16 19 27 57 63
02244 - 16 19 30 41 43
02245 - 16 19 30 41 51
02246 - 16 19 30 41 57
02247 - 16 19 30 41 63
02248 - 16 19 30 43 51
02249 - 16 19 30 43 57
02250 - 16 19 30 43 63
02251 - 16 19 30 51 57
02252 - 16 19 30 51 63
02253 - 16 19 30 57 63
02254 - 16 19 41 43 51
02255 - 16 19 41 43 57
02256 - 16 19 41 43 63
02257 - 16 19 41 51 57
02258 - 16 19 41 51 63
02259 - 16 19 41 57 63
02260 - 16 19 43 51 57
02261 - 16 19 43 51 63
02262 - 16 19 43 57 63
02263 - 16 19 51 57 63
02264 - 16 22 24 28 31
02265 - 16 22 24 28 42
02266 - 16 22 24 31 42
02267 - 16 22 28 31 42
02268 - 16 22 33 39 59
02269 - 16 22 33 39 60
02270 - 16 22 33 39 68
02271 - 16 22 33 39 70
02272 - 16 22 33 59 60
02273 - 16 22 33 59 68
02274 - 16 22 33 59 70
02275 - 16 22 33 60 68
02276 - 16 22 33 60 70
02277 - 16 22 33 68 70
02278 - 16 22 39 59 60
02279 - 16 22 39 59 68
02280 - 16 22 39 59 70
02281 - 16 22 39 60 68
02282 - 16 22 39 60 70
02283 - 16 22 39 68 70
02284 - 16 22 59 60 68
02285 - 16 22 59 60 70
02286 - 16 22 59 68 70
02287 - 16 22 60 68 70
02288 - 16 24 28 31 42
02289 - 16 27 30 41 43
02290 - 16 27 30 41 51
02291 - 16 27 30 41 57
02292 - 16 27 30 41 63
02293 - 16 27 30 43 51
02294 - 16 27 30 43 57
02295 - 16 27 30 43 63
02296 - 16 27 30 51 57
02297 - 16 27 30 51 63
02298 - 16 27 30 57 63
02299 - 16 27 41 43 51
02300 - 16 27 41 43 57
02301 - 16 27 41 43 63
02302 - 16 27 41 51 57
02303 - 16 27 41 51 63
02304 - 16 27 41 57 63
02305 - 16 27 43 51 57
02306 - 16 27 43 51 63
02307 - 16 27 43 57 63
02308 - 16 27 51 57 63
02309 - 16 30 41 43 51
02310 - 16 30 41 43 57
02311 - 16 30 41 43 63
02312 - 16 30 41 51 57
02313 - 16 30 41 51 63
02314 - 16 30 41 57 63
02315 - 16 30 43 51 57
02316 - 16 30 43 51 63
02317 - 16 30 43 57 63
02318 - 16 30 51 57 63
02319 - 16 33 39 59 60
02320 - 16 33 39 59 68
02321 - 16 33 39 59 70
02322 - 16 33 39 60 68
02323 - 16 33 39 60 70
02324 - 16 33 39 68 70
02325 - 16 33 59 60 68
02326 - 16 33 59 60 70
02327 - 16 33 59 68 70
02328 - 16 33 60 68 70
02329 - 16 39 59 60 68
02330 - 16 39 59 60 70
02331 - 16 39 59 68 70
02332 - 16 39 60 68 70
02333 - 16 41 43 51 57
02334 - 16 41 43 51 63
02335 - 16 41 43 57 63
02336 - 16 41 51 57 63
02337 - 16 43 51 57 63
02338 - 16 59 60 68 70
02339 - 17 18 24 41 42
02340 - 17 18 24 41 46
02341 - 17 18 24 41 47
02342 - 17 18 24 41 75
02343 - 17 18 24 42 46
02344 - 17 18 24 42 47
02345 - 17 18 24 42 75
02346 - 17 18 24 46 47
02347 - 17 18 24 46 75
02348 - 17 18 24 47 75
02349 - 17 18 41 42 46
02350 - 17 18 41 42 47
02351 - 17 18 41 42 75
02352 - 17 18 41 46 47
02353 - 17 18 41 46 75
02354 - 17 18 41 47 75
02355 - 17 18 42 46 47
02356 - 17 18 42 46 75
02357 - 17 18 42 47 75
02358 - 17 18 46 47 75
02359 - 17 21 23 25 40
02360 - 17 21 23 25 42
02361 - 17 21 23 25 45
02362 - 17 21 23 25 46
02363 - 17 21 23 25 79
02364 - 17 21 23 25 80
02365 - 17 21 23 40 42
02366 - 17 21 23 40 45
02367 - 17 21 23 40 46
02368 - 17 21 23 40 79
02369 - 17 21 23 40 80
02370 - 17 21 23 42 45
02371 - 17 21 23 42 46
02372 - 17 21 23 42 79
02373 - 17 21 23 42 80
02374 - 17 21 23 45 46
02375 - 17 21 23 45 79
02376 - 17 21 23 45 80
02377 - 17 21 23 46 79
02378 - 17 21 23 46 80
02379 - 17 21 23 79 80
02380 - 17 21 25 40 42
02381 - 17 21 25 40 45
02382 - 17 21 25 40 46
02383 - 17 21 25 40 79
02384 - 17 21 25 40 80
02385 - 17 21 25 42 45
02386 - 17 21 25 42 46
02387 - 17 21 25 42 79
02388 - 17 21 25 42 80
02389 - 17 21 25 45 46
02390 - 17 21 25 45 79
02391 - 17 21 25 45 80
02392 - 17 21 25 46 79
02393 - 17 21 25 46 80
02394 - 17 21 25 79 80
02395 - 17 21 40 42 45
02396 - 17 21 40 42 46
02397 - 17 21 40 42 79
02398 - 17 21 40 42 80
02399 - 17 21 40 45 46
02400 - 17 21 40 45 79
02401 - 17 21 40 45 80
02402 - 17 21 40 46 79
02403 - 17 21 40 46 80
02404 - 17 21 40 79 80
02405 - 17 21 42 45 46
02406 - 17 21 42 45 79
02407 - 17 21 42 45 80
02408 - 17 21 42 46 79
02409 - 17 21 42 46 80
02410 - 17 21 42 79 80
02411 - 17 21 45 46 79
02412 - 17 21 45 46 80
02413 - 17 21 45 79 80
02414 - 17 21 46 79 80
02415 - 17 22 29 38 41
02416 - 17 22 29 38 50
02417 - 17 22 29 38 59
02418 - 17 22 29 38 72
02419 - 17 22 29 41 50
02420 - 17 22 29 41 59
02421 - 17 22 29 41 72
02422 - 17 22 29 50 59
02423 - 17 22 29 50 72
02424 - 17 22 29 59 72
02425 - 17 22 38 41 50
02426 - 17 22 38 41 59
02427 - 17 22 38 41 72
02428 - 17 22 38 50 59
02429 - 17 22 38 50 72
02430 - 17 22 38 59 72
02431 - 17 22 41 50 59
02432 - 17 22 41 50 72
02433 - 17 22 41 59 72
02434 - 17 22 50 59 72
02435 - 17 23 25 40 42
02436 - 17 23 25 40 45
02437 - 17 23 25 40 46
02438 - 17 23 25 40 79
02439 - 17 23 25 40 80
02440 - 17 23 25 42 45
02441 - 17 23 25 42 46
02442 - 17 23 25 42 79
02443 - 17 23 25 42 80
02444 - 17 23 25 45 46
02445 - 17 23 25 45 79
02446 - 17 23 25 45 80
02447 - 17 23 25 46 79
02448 - 17 23 25 46 80
02449 - 17 23 25 79 80
02450 - 17 23 40 42 45
02451 - 17 23 40 42 46
02452 - 17 23 40 42 79
02453 - 17 23 40 42 80
02454 - 17 23 40 45 46
02455 - 17 23 40 45 79
02456 - 17 23 40 45 80
02457 - 17 23 40 46 79
02458 - 17 23 40 46 80
02459 - 17 23 40 79 80
02460 - 17 23 42 45 46
02461 - 17 23 42 45 79
02462 - 17 23 42 45 80
02463 - 17 23 42 46 79
02464 - 17 23 42 46 80
02465 - 17 23 42 79 80
02466 - 17 23 45 46 79
02467 - 17 23 45 46 80
02468 - 17 23 45 79 80
02469 - 17 23 46 79 80
02470 - 17 24 41 42 46
02471 - 17 24 41 42 47
02472 - 17 24 41 42 75
02473 - 17 24 41 46 47
02474 - 17 24 41 46 75
02475 - 17 24 41 47 75
02476 - 17 24 42 46 47
02477 - 17 24 42 46 75
02478 - 17 24 42 47 75
02479 - 17 24 46 47 75
02480 - 17 25 40 42 45
02481 - 17 25 40 42 46
02482 - 17 25 40 42 79
02483 - 17 25 40 42 80
02484 - 17 25 40 45 46
02485 - 17 25 40 45 79
02486 - 17 25 40 45 80
02487 - 17 25 40 46 79
02488 - 17 25 40 46 80
02489 - 17 25 40 79 80
02490 - 17 25 42 45 46
02491 - 17 25 42 45 79
02492 - 17 25 42 45 80
02493 - 17 25 42 46 79
02494 - 17 25 42 46 80
02495 - 17 25 42 79 80
02496 - 17 25 45 46 79
02497 - 17 25 45 46 80
02498 - 17 25 45 79 80
02499 - 17 25 46 79 80
02500 - 17 29 38 41 50
02501 - 17 29 38 41 59
02502 - 17 29 38 41 72
02503 - 17 29 38 50 59
02504 - 17 29 38 50 72
02505 - 17 29 38 59 72
02506 - 17 29 41 50 59
02507 - 17 29 41 50 72
02508 - 17 29 41 59 72
02509 - 17 29 50 59 72
02510 - 17 38 41 50 59
02511 - 17 38 41 50 72
02512 - 17 38 41 59 72
02513 - 17 38 50 59 72
02514 - 17 40 42 45 46
02515 - 17 40 42 45 79
02516 - 17 40 42 45 80
02517 - 17 40 42 46 79
02518 - 17 40 42 46 80
02519 - 17 40 42 79 80
02520 - 17 40 45 46 79
02521 - 17 40 45 46 80
02522 - 17 40 45 79 80
02523 - 17 40 46 79 80
02524 - 17 41 42 46 47
02525 - 17 41 42 46 75
02526 - 17 41 42 47 75
02527 - 17 41 46 47 75
02528 - 17 41 50 59 72
02529 - 17 42 45 46 79
02530 - 17 42 45 46 80
02531 - 17 42 45 79 80
02532 - 17 42 46 47 75
02533 - 17 42 46 79 80
02534 - 17 45 46 79 80
02535 - 18 19 22 23 41
02536 - 18 19 22 23 48
02537 - 18 19 22 23 57
02538 - 18 19 22 23 63
02539 - 18 19 22 23 79
02540 - 18 19 22 41 48
02541 - 18 19 22 41 57
02542 - 18 19 22 41 63
02543 - 18 19 22 41 79
02544 - 18 19 22 48 57
02545 - 18 19 22 48 63
02546 - 18 19 22 48 79
02547 - 18 19 22 57 63
02548 - 18 19 22 57 79
02549 - 18 19 22 63 79
02550 - 18 19 23 41 48
02551 - 18 19 23 41 57
02552 - 18 19 23 41 63
02553 - 18 19 23 41 79
02554 - 18 19 23 48 57
02555 - 18 19 23 48 63
02556 - 18 19 23 48 79
02557 - 18 19 23 57 63
02558 - 18 19 23 57 79
02559 - 18 19 23 63 79
02560 - 18 19 41 48 57
02561 - 18 19 41 48 63
02562 - 18 19 41 48 79
02563 - 18 19 41 57 63
02564 - 18 19 41 57 79
02565 - 18 19 41 63 79
02566 - 18 19 48 57 63
02567 - 18 19 48 57 79
02568 - 18 19 48 63 79
02569 - 18 19 57 63 79
02570 - 18 22 23 41 48
02571 - 18 22 23 41 57
02572 - 18 22 23 41 63
02573 - 18 22 23 41 79
02574 - 18 22 23 48 57
02575 - 18 22 23 48 63
02576 - 18 22 23 48 79
02577 - 18 22 23 57 63
02578 - 18 22 23 57 79
02579 - 18 22 23 63 79
02580 - 18 22 41 48 57
02581 - 18 22 41 48 63
02582 - 18 22 41 48 79
02583 - 18 22 41 57 63
02584 - 18 22 41 57 79
02585 - 18 22 41 63 79
02586 - 18 22 48 57 63
02587 - 18 22 48 57 79
02588 - 18 22 48 63 79
02589 - 18 22 57 63 79
02590 - 18 23 41 48 57
02591 - 18 23 41 48 63
02592 - 18 23 41 48 79
02593 - 18 23 41 57 63
02594 - 18 23 41 57 79
02595 - 18 23 41 63 79
02596 - 18 23 48 57 63
02597 - 18 23 48 57 79
02598 - 18 23 48 63 79
02599 - 18 23 57 63 79
02600 - 18 24 41 42 46
02601 - 18 24 41 42 47
02602 - 18 24 41 42 75
02603 - 18 24 41 46 47
02604 - 18 24 41 46 75
02605 - 18 24 41 47 75
02606 - 18 24 42 46 47
02607 - 18 24 42 46 75
02608 - 18 24 42 47 75
02609 - 18 24 46 47 75
02610 - 18 41 42 46 47
02611 - 18 41 42 46 75
02612 - 18 41 42 47 75
02613 - 18 41 46 47 75
02614 - 18 41 48 57 63
02615 - 18 41 48 57 79
02616 - 18 41 48 63 79
02617 - 18 41 57 63 79
02618 - 18 42 46 47 75
02619 - 18 44 45 46 53
02620 - 18 44 45 46 58
02621 - 18 44 45 46 61
02622 - 18 44 45 46 63
02623 - 18 44 45 46 65
02624 - 18 44 45 53 58
02625 - 18 44 45 53 61
02626 - 18 44 45 53 63
02627 - 18 44 45 53 65
02628 - 18 44 45 58 61
02629 - 18 44 45 58 63
02630 - 18 44 45 58 65
02631 - 18 44 45 61 63
02632 - 18 44 45 61 65
02633 - 18 44 45 63 65
02634 - 18 44 46 53 58
02635 - 18 44 46 53 61
02636 - 18 44 46 53 63
02637 - 18 44 46 53 65
02638 - 18 44 46 58 61
02639 - 18 44 46 58 63
02640 - 18 44 46 58 65
02641 - 18 44 46 61 63
02642 - 18 44 46 61 65
02643 - 18 44 46 63 65
02644 - 18 44 53 58 61
02645 - 18 44 53 58 63
02646 - 18 44 53 58 65
02647 - 18 44 53 61 63
02648 - 18 44 53 61 65
02649 - 18 44 53 63 65
02650 - 18 44 58 61 63
02651 - 18 44 58 61 65
02652 - 18 44 58 63 65
02653 - 18 44 61 63 65
02654 - 18 45 46 53 58
02655 - 18 45 46 53 61
02656 - 18 45 46 53 63
02657 - 18 45 46 53 65
02658 - 18 45 46 58 61
02659 - 18 45 46 58 63
02660 - 18 45 46 58 65
02661 - 18 45 46 61 63
02662 - 18 45 46 61 65
02663 - 18 45 46 63 65
02664 - 18 45 53 58 61
02665 - 18 45 53 58 63
02666 - 18 45 53 58 65
02667 - 18 45 53 61 63
02668 - 18 45 53 61 65
02669 - 18 45 53 63 65
02670 - 18 45 58 61 63
02671 - 18 45 58 61 65
02672 - 18 45 58 63 65
02673 - 18 45 61 63 65
02674 - 18 46 53 58 61
02675 - 18 46 53 58 63
02676 - 18 46 53 58 65
02677 - 18 46 53 61 63
02678 - 18 46 53 61 65
02679 - 18 46 53 63 65
02680 - 18 46 58 61 63
02681 - 18 46 58 61 65
02682 - 18 46 58 63 65
02683 - 18 46 61 63 65
02684 - 18 48 57 63 79
02685 - 18 53 58 61 63
02686 - 18 53 58 61 65
02687 - 18 53 58 63 65
02688 - 18 53 61 63 65
02689 - 18 58 61 63 65
02690 - 19 21 29 43 59
02691 - 19 21 29 43 66
02692 - 19 21 29 43 71
02693 - 19 21 29 43 72
02694 - 19 21 29 43 77
02695 - 19 21 29 59 66
02696 - 19 21 29 59 71
02697 - 19 21 29 59 72
02698 - 19 21 29 59 77
02699 - 19 21 29 66 71
02700 - 19 21 29 66 72
02701 - 19 21 29 66 77
02702 - 19 21 29 71 72
02703 - 19 21 29 71 77
02704 - 19 21 29 72 77
02705 - 19 21 43 59 66
02706 - 19 21 43 59 71
02707 - 19 21 43 59 72
02708 - 19 21 43 59 77
02709 - 19 21 43 66 71
02710 - 19 21 43 66 72
02711 - 19 21 43 66 77
02712 - 19 21 43 71 72
02713 - 19 21 43 71 77
02714 - 19 21 43 72 77
02715 - 19 21 59 66 71
02716 - 19 21 59 66 72
02717 - 19 21 59 66 77
02718 - 19 21 59 71 72
02719 - 19 21 59 71 77
02720 - 19 21 59 72 77
02721 - 19 21 66 71 72
02722 - 19 21 66 71 77
02723 - 19 21 66 72 77
02724 - 19 21 71 72 77
02725 - 19 22 23 41 48
02726 - 19 22 23 41 57
02727 - 19 22 23 41 63
02728 - 19 22 23 41 79
02729 - 19 22 23 48 57
02730 - 19 22 23 48 63
02731 - 19 22 23 48 79
02732 - 19 22 23 57 63
02733 - 19 22 23 57 79
02734 - 19 22 23 63 79
02735 - 19 22 41 48 57
02736 - 19 22 41 48 63
02737 - 19 22 41 48 79
02738 - 19 22 41 57 63
02739 - 19 22 41 57 79
02740 - 19 22 41 63 79
02741 - 19 22 48 57 63
02742 - 19 22 48 57 79
02743 - 19 22 48 63 79
02744 - 19 22 57 63 79
02745 - 19 23 41 48 57
02746 - 19 23 41 48 63
02747 - 19 23 41 48 79
02748 - 19 23 41 57 63
02749 - 19 23 41 57 79
02750 - 19 23 41 63 79
02751 - 19 23 48 57 63
02752 - 19 23 48 57 79
02753 - 19 23 48 63 79
02754 - 19 23 57 63 79
02755 - 19 27 30 41 43
02756 - 19 27 30 41 51
02757 - 19 27 30 41 57
02758 - 19 27 30 41 63
02759 - 19 27 30 43 51
02760 - 19 27 30 43 57
02761 - 19 27 30 43 63
02762 - 19 27 30 51 57
02763 - 19 27 30 51 63
02764 - 19 27 30 57 63
02765 - 19 27 41 43 51
02766 - 19 27 41 43 57
02767 - 19 27 41 43 63
02768 - 19 27 41 51 57
02769 - 19 27 41 51 63
02770 - 19 27 41 57 63
02771 - 19 27 43 51 57
02772 - 19 27 43 51 63
02773 - 19 27 43 57 63
02774 - 19 27 51 57 63
02775 - 19 29 43 59 66
02776 - 19 29 43 59 71
02777 - 19 29 43 59 72
02778 - 19 29 43 59 77
02779 - 19 29 43 66 71
02780 - 19 29 43 66 72
02781 - 19 29 43 66 77
02782 - 19 29 43 71 72
02783 - 19 29 43 71 77
02784 - 19 29 43 72 77
02785 - 19 29 59 66 71
02786 - 19 29 59 66 72
02787 - 19 29 59 66 77
02788 - 19 29 59 71 72
02789 - 19 29 59 71 77
02790 - 19 29 59 72 77
02791 - 19 29 66 71 72
02792 - 19 29 66 71 77
02793 - 19 29 66 72 77
02794 - 19 29 71 72 77
02795 - 19 30 41 43 51
02796 - 19 30 41 43 57
02797 - 19 30 41 43 63
02798 - 19 30 41 51 57
02799 - 19 30 41 51 63
02800 - 19 30 41 57 63
02801 - 19 30 43 51 57
02802 - 19 30 43 51 63
02803 - 19 30 43 57 63
02804 - 19 30 51 57 63
02805 - 19 41 43 51 57
02806 - 19 41 43 51 63
02807 - 19 41 43 57 63
02808 - 19 41 48 57 63
02809 - 19 41 48 57 79
02810 - 19 41 48 63 79
02811 - 19 41 51 57 63
02812 - 19 41 57 63 79
02813 - 19 43 51 57 63
02814 - 19 43 59 66 71
02815 - 19 43 59 66 72
02816 - 19 43 59 66 77
02817 - 19 43 59 71 72
02818 - 19 43 59 71 77
02819 - 19 43 59 72 77
02820 - 19 43 66 71 72
02821 - 19 43 66 71 77
02822 - 19 43 66 72 77
02823 - 19 43 71 72 77
02824 - 19 48 57 63 79
02825 - 19 59 66 71 72
02826 - 19 59 66 71 77
02827 - 19 59 66 72 77
02828 - 19 59 71 72 77
02829 - 19 66 71 72 77
02830 - 20 22 39 52 54
02831 - 20 22 39 52 56
02832 - 20 22 39 52 74
02833 - 20 22 39 52 76
02834 - 20 22 39 54 56
02835 - 20 22 39 54 74
02836 - 20 22 39 54 76
02837 - 20 22 39 56 74
02838 - 20 22 39 56 76
02839 - 20 22 39 74 76
02840 - 20 22 52 54 56
02841 - 20 22 52 54 74
02842 - 20 22 52 54 76
02843 - 20 22 52 56 74
02844 - 20 22 52 56 76
02845 - 20 22 52 74 76
02846 - 20 22 54 56 74
02847 - 20 22 54 56 76
02848 - 20 22 54 74 76
02849 - 20 22 56 74 76
02850 - 20 39 52 54 56
02851 - 20 39 52 54 74
02852 - 20 39 52 54 76
02853 - 20 39 52 56 74
02854 - 20 39 52 56 76
02855 - 20 39 52 74 76
02856 - 20 39 54 56 74
02857 - 20 39 54 56 76
02858 - 20 39 54 74 76
02859 - 20 39 56 74 76
02860 - 20 52 54 56 74
02861 - 20 52 54 56 76
02862 - 20 52 54 74 76
02863 - 20 52 56 74 76
02864 - 20 54 56 74 76
02865 - 21 23 25 40 42
02866 - 21 23 25 40 45
02867 - 21 23 25 40 46
02868 - 21 23 25 40 79
02869 - 21 23 25 40 80
02870 - 21 23 25 42 45
02871 - 21 23 25 42 46
02872 - 21 23 25 42 79
02873 - 21 23 25 42 80
02874 - 21 23 25 45 46
02875 - 21 23 25 45 79
02876 - 21 23 25 45 80
02877 - 21 23 25 46 79
02878 - 21 23 25 46 80
02879 - 21 23 25 79 80
02880 - 21 23 40 42 45
02881 - 21 23 40 42 46
02882 - 21 23 40 42 79
02883 - 21 23 40 42 80
02884 - 21 23 40 45 46
02885 - 21 23 40 45 79
02886 - 21 23 40 45 80
02887 - 21 23 40 46 79
02888 - 21 23 40 46 80
02889 - 21 23 40 79 80
02890 - 21 23 42 45 46
02891 - 21 23 42 45 79
02892 - 21 23 42 45 80
02893 - 21 23 42 46 79
02894 - 21 23 42 46 80
02895 - 21 23 42 79 80
02896 - 21 23 45 46 79
02897 - 21 23 45 46 80
02898 - 21 23 45 79 80
02899 - 21 23 46 79 80
02900 - 21 25 40 42 45
02901 - 21 25 40 42 46
02902 - 21 25 40 42 79
02903 - 21 25 40 42 80
02904 - 21 25 40 45 46
02905 - 21 25 40 45 79
02906 - 21 25 40 45 80
02907 - 21 25 40 46 79
02908 - 21 25 40 46 80
02909 - 21 25 40 79 80
02910 - 21 25 42 45 46
02911 - 21 25 42 45 79
02912 - 21 25 42 45 80
02913 - 21 25 42 46 79
02914 - 21 25 42 46 80
02915 - 21 25 42 79 80
02916 - 21 25 45 46 79
02917 - 21 25 45 46 80
02918 - 21 25 45 79 80
02919 - 21 25 46 79 80
02920 - 21 29 43 59 66
02921 - 21 29 43 59 71
02922 - 21 29 43 59 72
02923 - 21 29 43 59 77
02924 - 21 29 43 66 71
02925 - 21 29 43 66 72
02926 - 21 29 43 66 77
02927 - 21 29 43 71 72
02928 - 21 29 43 71 77
02929 - 21 29 43 72 77
02930 - 21 29 59 66 71
02931 - 21 29 59 66 72
02932 - 21 29 59 66 77
02933 - 21 29 59 71 72
02934 - 21 29 59 71 77
02935 - 21 29 59 72 77
02936 - 21 29 66 71 72
02937 - 21 29 66 71 77
02938 - 21 29 66 72 77
02939 - 21 29 71 72 77
02940 - 21 36 52 55 63
02941 - 21 36 52 55 71
02942 - 21 36 52 55 74
02943 - 21 36 52 55 75
02944 - 21 36 52 55 80
02945 - 21 36 52 63 71
02946 - 21 36 52 63 74
02947 - 21 36 52 63 75
02948 - 21 36 52 63 80
02949 - 21 36 52 71 74
02950 - 21 36 52 71 75
02951 - 21 36 52 71 80
02952 - 21 36 52 74 75
02953 - 21 36 52 74 80
02954 - 21 36 52 75 80
02955 - 21 36 55 63 71
02956 - 21 36 55 63 74
02957 - 21 36 55 63 75
02958 - 21 36 55 63 80
02959 - 21 36 55 71 74
02960 - 21 36 55 71 75
02961 - 21 36 55 71 80
02962 - 21 36 55 74 75
02963 - 21 36 55 74 80
02964 - 21 36 55 75 80
02965 - 21 36 63 71 74
02966 - 21 36 63 71 75
02967 - 21 36 63 71 80
02968 - 21 36 63 74 75
02969 - 21 36 63 74 80
02970 - 21 36 63 75 80
02971 - 21 36 71 74 75
02972 - 21 36 71 74 80
02973 - 21 36 71 75 80
02974 - 21 36 74 75 80
02975 - 21 40 42 45 46
02976 - 21 40 42 45 79
02977 - 21 40 42 45 80
02978 - 21 40 42 46 79
02979 - 21 40 42 46 80
02980 - 21 40 42 79 80
02981 - 21 40 45 46 79
02982 - 21 40 45 46 80
02983 - 21 40 45 79 80
02984 - 21 40 46 79 80
02985 - 21 42 45 46 79
02986 - 21 42 45 46 80
02987 - 21 42 45 79 80
02988 - 21 42 46 79 80
02989 - 21 43 59 66 71
02990 - 21 43 59 66 72
02991 - 21 43 59 66 77
02992 - 21 43 59 71 72
02993 - 21 43 59 71 77
02994 - 21 43 59 72 77
02995 - 21 43 66 71 72
02996 - 21 43 66 71 77
02997 - 21 43 66 72 77
02998 - 21 43 71 72 77
02999 - 21 45 46 79 80
03000 - 21 52 55 63 71
03001 - 21 52 55 63 74
03002 - 21 52 55 63 75
03003 - 21 52 55 63 80
03004 - 21 52 55 71 74
03005 - 21 52 55 71 75
03006 - 21 52 55 71 80
03007 - 21 52 55 74 75
03008 - 21 52 55 74 80
03009 - 21 52 55 75 80
03010 - 21 52 63 71 74
03011 - 21 52 63 71 75
03012 - 21 52 63 71 80
03013 - 21 52 63 74 75
03014 - 21 52 63 74 80
03015 - 21 52 63 75 80
03016 - 21 52 71 74 75
03017 - 21 52 71 74 80
03018 - 21 52 71 75 80
03019 - 21 52 74 75 80
03020 - 21 55 63 71 74
03021 - 21 55 63 71 75
03022 - 21 55 63 71 80
03023 - 21 55 63 74 75
03024 - 21 55 63 74 80
03025 - 21 55 63 75 80
03026 - 21 55 71 74 75
03027 - 21 55 71 74 80
03028 - 21 55 71 75 80
03029 - 21 55 74 75 80
03030 - 21 59 66 71 72
03031 - 21 59 66 71 77
03032 - 21 59 66 72 77
03033 - 21 59 71 72 77
03034 - 21 63 71 74 75
03035 - 21 63 71 74 80
03036 - 21 63 71 75 80
03037 - 21 63 74 75 80
03038 - 21 66 71 72 77
03039 - 21 71 74 75 80
03040 - 22 23 41 48 57
03041 - 22 23 41 48 63
03042 - 22 23 41 48 79
03043 - 22 23 41 57 63
03044 - 22 23 41 57 79
03045 - 22 23 41 63 79
03046 - 22 23 48 57 63
03047 - 22 23 48 57 79
03048 - 22 23 48 63 79
03049 - 22 23 57 63 79
03050 - 22 24 28 31 42
03051 - 22 29 38 41 50
03052 - 22 29 38 41 59
03053 - 22 29 38 41 72
03054 - 22 29 38 50 59
03055 - 22 29 38 50 72
03056 - 22 29 38 59 72
03057 - 22 29 41 50 59
03058 - 22 29 41 50 72
03059 - 22 29 41 59 72
03060 - 22 29 50 59 72
03061 - 22 33 39 59 60
03062 - 22 33 39 59 68
03063 - 22 33 39 59 70
03064 - 22 33 39 60 68
03065 - 22 33 39 60 70
03066 - 22 33 39 68 70
03067 - 22 33 59 60 68
03068 - 22 33 59 60 70
03069 - 22 33 59 68 70
03070 - 22 33 60 68 70
03071 - 22 38 41 50 59
03072 - 22 38 41 50 72
03073 - 22 38 41 59 72
03074 - 22 38 50 59 72
03075 - 22 39 52 54 56
03076 - 22 39 52 54 74
03077 - 22 39 52 54 76
03078 - 22 39 52 56 74
03079 - 22 39 52 56 76
03080 - 22 39 52 74 76
03081 - 22 39 54 56 74
03082 - 22 39 54 56 76
03083 - 22 39 54 74 76
03084 - 22 39 56 74 76
03085 - 22 39 59 60 68
03086 - 22 39 59 60 70
03087 - 22 39 59 68 70
03088 - 22 39 60 68 70
03089 - 22 41 48 57 63
03090 - 22 41 48 57 79
03091 - 22 41 48 63 79
03092 - 22 41 50 59 72
03093 - 22 41 57 63 79
03094 - 22 48 57 63 79
03095 - 22 52 54 56 74
03096 - 22 52 54 56 76
03097 - 22 52 54 74 76
03098 - 22 52 56 74 76
03099 - 22 54 56 74 76
03100 - 22 59 60 68 70
03101 - 23 25 40 42 45
03102 - 23 25 40 42 46
03103 - 23 25 40 42 79
03104 - 23 25 40 42 80
03105 - 23 25 40 45 46
03106 - 23 25 40 45 79
03107 - 23 25 40 45 80
03108 - 23 25 40 46 79
03109 - 23 25 40 46 80
03110 - 23 25 40 79 80
03111 - 23 25 42 45 46
03112 - 23 25 42 45 79
03113 - 23 25 42 45 80
03114 - 23 25 42 46 79
03115 - 23 25 42 46 80
03116 - 23 25 42 79 80
03117 - 23 25 45 46 79
03118 - 23 25 45 46 80
03119 - 23 25 45 79 80
03120 - 23 25 46 79 80
03121 - 23 40 42 45 46
03122 - 23 40 42 45 79
03123 - 23 40 42 45 80
03124 - 23 40 42 46 79
03125 - 23 40 42 46 80
03126 - 23 40 42 79 80
03127 - 23 40 45 46 79
03128 - 23 40 45 46 80
03129 - 23 40 45 79 80
03130 - 23 40 46 79 80
03131 - 23 41 48 57 63
03132 - 23 41 48 57 79
03133 - 23 41 48 63 79
03134 - 23 41 57 63 79
03135 - 23 42 45 46 79
03136 - 23 42 45 46 80
03137 - 23 42 45 79 80
03138 - 23 42 46 79 80
03139 - 23 45 46 79 80
03140 - 23 48 57 63 79
03141 - 24 41 42 46 47
03142 - 24 41 42 46 75
03143 - 24 41 42 47 75
03144 - 24 41 46 47 75
03145 - 24 42 46 47 75
03146 - 25 40 42 45 46
03147 - 25 40 42 45 79
03148 - 25 40 42 45 80
03149 - 25 40 42 46 79
03150 - 25 40 42 46 80
03151 - 25 40 42 79 80
03152 - 25 40 45 46 79
03153 - 25 40 45 46 80
03154 - 25 40 45 79 80
03155 - 25 40 46 79 80
03156 - 25 42 45 46 79
03157 - 25 42 45 46 80
03158 - 25 42 45 79 80
03159 - 25 42 46 79 80
03160 - 25 45 46 79 80
03161 - 26 27 28 41 44
03162 - 26 27 28 41 48
03163 - 26 27 28 41 65
03164 - 26 27 28 41 67
03165 - 26 27 28 44 48
03166 - 26 27 28 44 65
03167 - 26 27 28 44 67
03168 - 26 27 28 48 65
03169 - 26 27 28 48 67
03170 - 26 27 28 65 67
03171 - 26 27 34 35 40
03172 - 26 27 34 35 48
03173 - 26 27 34 35 51
03174 - 26 27 34 35 70
03175 - 26 27 34 35 72
03176 - 26 27 34 35 73
03177 - 26 27 34 40 48
03178 - 26 27 34 40 51
03179 - 26 27 34 40 70
03180 - 26 27 34 40 72
03181 - 26 27 34 40 73
03182 - 26 27 34 48 51
03183 - 26 27 34 48 70
03184 - 26 27 34 48 72
03185 - 26 27 34 48 73
03186 - 26 27 34 51 70
03187 - 26 27 34 51 72
03188 - 26 27 34 51 73
03189 - 26 27 34 70 72
03190 - 26 27 34 70 73
03191 - 26 27 34 72 73
03192 - 26 27 35 40 48
03193 - 26 27 35 40 51
03194 - 26 27 35 40 70
03195 - 26 27 35 40 72
03196 - 26 27 35 40 73
03197 - 26 27 35 48 51
03198 - 26 27 35 48 70
03199 - 26 27 35 48 72
03200 - 26 27 35 48 73
03201 - 26 27 35 51 70
03202 - 26 27 35 51 72
03203 - 26 27 35 51 73
03204 - 26 27 35 70 72
03205 - 26 27 35 70 73
03206 - 26 27 35 72 73
03207 - 26 27 40 48 51
03208 - 26 27 40 48 70
03209 - 26 27 40 48 72
03210 - 26 27 40 48 73
03211 - 26 27 40 51 70
03212 - 26 27 40 51 72
03213 - 26 27 40 51 73
03214 - 26 27 40 70 72
03215 - 26 27 40 70 73
03216 - 26 27 40 72 73
03217 - 26 27 41 44 48
03218 - 26 27 41 44 65
03219 - 26 27 41 44 67
03220 - 26 27 41 48 65
03221 - 26 27 41 48 67
03222 - 26 27 41 65 67
03223 - 26 27 44 48 65
03224 - 26 27 44 48 67
03225 - 26 27 44 65 67
03226 - 26 27 48 51 70
03227 - 26 27 48 51 72
03228 - 26 27 48 51 73
03229 - 26 27 48 65 67
03230 - 26 27 48 70 72
03231 - 26 27 48 70 73
03232 - 26 27 48 72 73
03233 - 26 27 51 70 72
03234 - 26 27 51 70 73
03235 - 26 27 51 72 73
03236 - 26 27 70 72 73
03237 - 26 28 41 44 48
03238 - 26 28 41 44 65
03239 - 26 28 41 44 67
03240 - 26 28 41 48 65
03241 - 26 28 41 48 67
03242 - 26 28 41 65 67
03243 - 26 28 44 48 65
03244 - 26 28 44 48 67
03245 - 26 28 44 65 67
03246 - 26 28 48 65 67
03247 - 26 34 35 40 48
03248 - 26 34 35 40 51
03249 - 26 34 35 40 70
03250 - 26 34 35 40 72
03251 - 26 34 35 40 73
03252 - 26 34 35 48 51
03253 - 26 34 35 48 70
03254 - 26 34 35 48 72
03255 - 26 34 35 48 73
03256 - 26 34 35 51 70
03257 - 26 34 35 51 72
03258 - 26 34 35 51 73
03259 - 26 34 35 70 72
03260 - 26 34 35 70 73
03261 - 26 34 35 72 73
03262 - 26 34 40 48 51
03263 - 26 34 40 48 70
03264 - 26 34 40 48 72
03265 - 26 34 40 48 73
03266 - 26 34 40 51 70
03267 - 26 34 40 51 72
03268 - 26 34 40 51 73
03269 - 26 34 40 70 72
03270 - 26 34 40 70 73
03271 - 26 34 40 72 73
03272 - 26 34 48 51 70
03273 - 26 34 48 51 72
03274 - 26 34 48 51 73
03275 - 26 34 48 70 72
03276 - 26 34 48 70 73
03277 - 26 34 48 72 73
03278 - 26 34 51 70 72
03279 - 26 34 51 70 73
03280 - 26 34 51 72 73
03281 - 26 34 70 72 73
03282 - 26 35 40 48 51
03283 - 26 35 40 48 70
03284 - 26 35 40 48 72
03285 - 26 35 40 48 73
03286 - 26 35 40 51 70
03287 - 26 35 40 51 72
03288 - 26 35 40 51 73
03289 - 26 35 40 70 72
03290 - 26 35 40 70 73
03291 - 26 35 40 72 73
03292 - 26 35 48 51 70
03293 - 26 35 48 51 72
03294 - 26 35 48 51 73
03295 - 26 35 48 70 72
03296 - 26 35 48 70 73
03297 - 26 35 48 72 73
03298 - 26 35 51 70 72
03299 - 26 35 51 70 73
03300 - 26 35 51 72 73
03301 - 26 35 70 72 73
03302 - 26 40 48 51 70
03303 - 26 40 48 51 72
03304 - 26 40 48 51 73
03305 - 26 40 48 70 72
03306 - 26 40 48 70 73
03307 - 26 40 48 72 73
03308 - 26 40 51 70 72
03309 - 26 40 51 70 73
03310 - 26 40 51 72 73
03311 - 26 40 70 72 73
03312 - 26 41 44 48 65
03313 - 26 41 44 48 67
03314 - 26 41 44 65 67
03315 - 26 41 48 65 67
03316 - 26 44 48 65 67
03317 - 26 48 51 70 72
03318 - 26 48 51 70 73
03319 - 26 48 51 72 73
03320 - 26 48 70 72 73
03321 - 26 51 70 72 73
03322 - 27 28 41 44 48
03323 - 27 28 41 44 65
03324 - 27 28 41 44 67
03325 - 27 28 41 48 65
03326 - 27 28 41 48 67
03327 - 27 28 41 65 67
03328 - 27 28 44 48 65
03329 - 27 28 44 48 67
03330 - 27 28 44 65 67
03331 - 27 28 48 65 67
03332 - 27 30 41 43 51
03333 - 27 30 41 43 57
03334 - 27 30 41 43 63
03335 - 27 30 41 51 57
03336 - 27 30 41 51 63
03337 - 27 30 41 57 63
03338 - 27 30 43 51 57
03339 - 27 30 43 51 63
03340 - 27 30 43 57 63
03341 - 27 30 51 57 63
03342 - 27 32 33 34 36
03343 - 27 32 33 34 61
03344 - 27 32 33 34 64
03345 - 27 32 33 34 78
03346 - 27 32 33 34 79
03347 - 27 32 33 36 61
03348 - 27 32 33 36 64
03349 - 27 32 33 36 78
03350 - 27 32 33 36 79
03351 - 27 32 33 61 64
03352 - 27 32 33 61 78
03353 - 27 32 33 61 79
03354 - 27 32 33 64 78
03355 - 27 32 33 64 79
03356 - 27 32 33 78 79
03357 - 27 32 34 36 61
03358 - 27 32 34 36 64
03359 - 27 32 34 36 78
03360 - 27 32 34 36 79
03361 - 27 32 34 61 64
03362 - 27 32 34 61 78
03363 - 27 32 34 61 79
03364 - 27 32 34 64 78
03365 - 27 32 34 64 79
03366 - 27 32 34 78 79
03367 - 27 32 36 61 64
03368 - 27 32 36 61 78
03369 - 27 32 36 61 79
03370 - 27 32 36 64 78
03371 - 27 32 36 64 79
03372 - 27 32 36 78 79
03373 - 27 32 61 64 78
03374 - 27 32 61 64 79
03375 - 27 32 61 78 79
03376 - 27 32 64 78 79
03377 - 27 33 34 36 61
03378 - 27 33 34 36 64
03379 - 27 33 34 36 78
03380 - 27 33 34 36 79
03381 - 27 33 34 61 64
03382 - 27 33 34 61 78
03383 - 27 33 34 61 79
03384 - 27 33 34 64 78
03385 - 27 33 34 64 79
03386 - 27 33 34 78 79
03387 - 27 33 36 61 64
03388 - 27 33 36 61 78
03389 - 27 33 36 61 79
03390 - 27 33 36 64 78
03391 - 27 33 36 64 79
03392 - 27 33 36 78 79
03393 - 27 33 61 64 78
03394 - 27 33 61 64 79
03395 - 27 33 61 78 79
03396 - 27 33 64 78 79
03397 - 27 34 35 40 48
03398 - 27 34 35 40 51
03399 - 27 34 35 40 70
03400 - 27 34 35 40 72
03401 - 27 34 35 40 73
03402 - 27 34 35 48 51
03403 - 27 34 35 48 70
03404 - 27 34 35 48 72
03405 - 27 34 35 48 73
03406 - 27 34 35 51 70
03407 - 27 34 35 51 72
03408 - 27 34 35 51 73
03409 - 27 34 35 70 72
03410 - 27 34 35 70 73
03411 - 27 34 35 72 73
03412 - 27 34 36 61 64
03413 - 27 34 36 61 78
03414 - 27 34 36 61 79
03415 - 27 34 36 64 78
03416 - 27 34 36 64 79
03417 - 27 34 36 78 79
03418 - 27 34 40 48 51
03419 - 27 34 40 48 70
03420 - 27 34 40 48 72
03421 - 27 34 40 48 73
03422 - 27 34 40 51 70
03423 - 27 34 40 51 72
03424 - 27 34 40 51 73
03425 - 27 34 40 70 72
03426 - 27 34 40 70 73
03427 - 27 34 40 72 73
03428 - 27 34 48 51 70
03429 - 27 34 48 51 72
03430 - 27 34 48 51 73
03431 - 27 34 48 70 72
03432 - 27 34 48 70 73
03433 - 27 34 48 72 73
03434 - 27 34 51 70 72
03435 - 27 34 51 70 73
03436 - 27 34 51 72 73
03437 - 27 34 61 64 78
03438 - 27 34 61 64 79
03439 - 27 34 61 78 79
03440 - 27 34 64 78 79
03441 - 27 34 70 72 73
03442 - 27 35 40 48 51
03443 - 27 35 40 48 70
03444 - 27 35 40 48 72
03445 - 27 35 40 48 73
03446 - 27 35 40 51 70
03447 - 27 35 40 51 72
03448 - 27 35 40 51 73
03449 - 27 35 40 70 72
03450 - 27 35 40 70 73
03451 - 27 35 40 72 73
03452 - 27 35 48 51 70
03453 - 27 35 48 51 72
03454 - 27 35 48 51 73
03455 - 27 35 48 70 72
03456 - 27 35 48 70 73
03457 - 27 35 48 72 73
03458 - 27 35 51 70 72
03459 - 27 35 51 70 73
03460 - 27 35 51 72 73
03461 - 27 35 70 72 73
03462 - 27 36 61 64 78
03463 - 27 36 61 64 79
03464 - 27 36 61 78 79
03465 - 27 36 64 78 79
03466 - 27 40 48 51 70
03467 - 27 40 48 51 72
03468 - 27 40 48 51 73
03469 - 27 40 48 70 72
03470 - 27 40 48 70 73
03471 - 27 40 48 72 73
03472 - 27 40 51 70 72
03473 - 27 40 51 70 73
03474 - 27 40 51 72 73
03475 - 27 40 70 72 73
03476 - 27 41 43 51 57
03477 - 27 41 43 51 63
03478 - 27 41 43 57 63
03479 - 27 41 44 48 65
03480 - 27 41 44 48 67
03481 - 27 41 44 65 67
03482 - 27 41 48 65 67
03483 - 27 41 51 57 63
03484 - 27 43 51 57 63
03485 - 27 44 48 65 67
03486 - 27 48 51 70 72
03487 - 27 48 51 70 73
03488 - 27 48 51 72 73
03489 - 27 48 70 72 73
03490 - 27 51 70 72 73
03491 - 27 61 64 78 79
03492 - 28 41 44 48 65
03493 - 28 41 44 48 67
03494 - 28 41 44 65 67
03495 - 28 41 48 65 67
03496 - 28 44 48 65 67
03497 - 29 38 41 50 59
03498 - 29 38 41 50 72
03499 - 29 38 41 59 72
03500 - 29 38 50 59 72
03501 - 29 41 50 59 72
03502 - 29 43 59 66 71
03503 - 29 43 59 66 72
03504 - 29 43 59 66 77
03505 - 29 43 59 71 72
03506 - 29 43 59 71 77
03507 - 29 43 59 72 77
03508 - 29 43 66 71 72
03509 - 29 43 66 71 77
03510 - 29 43 66 72 77
03511 - 29 43 71 72 77
03512 - 29 59 66 71 72
03513 - 29 59 66 71 77
03514 - 29 59 66 72 77
03515 - 29 59 71 72 77
03516 - 29 66 71 72 77
03517 - 30 41 43 51 57
03518 - 30 41 43 51 63
03519 - 30 41 43 57 63
03520 - 30 41 51 57 63
03521 - 30 43 51 57 63
03522 - 32 33 34 36 61
03523 - 32 33 34 36 64
03524 - 32 33 34 36 78
03525 - 32 33 34 36 79
03526 - 32 33 34 61 64
03527 - 32 33 34 61 78
03528 - 32 33 34 61 79
03529 - 32 33 34 64 78
03530 - 32 33 34 64 79
03531 - 32 33 34 78 79
03532 - 32 33 36 61 64
03533 - 32 33 36 61 78
03534 - 32 33 36 61 79
03535 - 32 33 36 64 78
03536 - 32 33 36 64 79
03537 - 32 33 36 78 79
03538 - 32 33 61 64 78
03539 - 32 33 61 64 79
03540 - 32 33 61 78 79
03541 - 32 33 64 78 79
03542 - 32 34 36 61 64
03543 - 32 34 36 61 78
03544 - 32 34 36 61 79
03545 - 32 34 36 64 78
03546 - 32 34 36 64 79
03547 - 32 34 36 78 79
03548 - 32 34 37 46 54
03549 - 32 34 37 46 56
03550 - 32 34 37 46 69
03551 - 32 34 37 46 74
03552 - 32 34 37 46 76
03553 - 32 34 37 46 77
03554 - 32 34 37 54 56
03555 - 32 34 37 54 69
03556 - 32 34 37 54 74
03557 - 32 34 37 54 76
03558 - 32 34 37 54 77
03559 - 32 34 37 56 69
03560 - 32 34 37 56 74
03561 - 32 34 37 56 76
03562 - 32 34 37 56 77
03563 - 32 34 37 69 74
03564 - 32 34 37 69 76
03565 - 32 34 37 69 77
03566 - 32 34 37 74 76
03567 - 32 34 37 74 77
03568 - 32 34 37 76 77
03569 - 32 34 46 54 56
03570 - 32 34 46 54 69
03571 - 32 34 46 54 74
03572 - 32 34 46 54 76
03573 - 32 34 46 54 77
03574 - 32 34 46 56 69
03575 - 32 34 46 56 74
03576 - 32 34 46 56 76
03577 - 32 34 46 56 77
03578 - 32 34 46 69 74
03579 - 32 34 46 69 76
03580 - 32 34 46 69 77
03581 - 32 34 46 74 76
03582 - 32 34 46 74 77
03583 - 32 34 46 76 77
03584 - 32 34 54 56 69
03585 - 32 34 54 56 74
03586 - 32 34 54 56 76
03587 - 32 34 54 56 77
03588 - 32 34 54 69 74
03589 - 32 34 54 69 76
03590 - 32 34 54 69 77
03591 - 32 34 54 74 76
03592 - 32 34 54 74 77
03593 - 32 34 54 76 77
03594 - 32 34 56 69 74
03595 - 32 34 56 69 76
03596 - 32 34 56 69 77
03597 - 32 34 56 74 76
03598 - 32 34 56 74 77
03599 - 32 34 56 76 77
03600 - 32 34 61 64 78
03601 - 32 34 61 64 79
03602 - 32 34 61 78 79
03603 - 32 34 64 78 79
03604 - 32 34 69 74 76
03605 - 32 34 69 74 77
03606 - 32 34 69 76 77
03607 - 32 34 74 76 77
03608 - 32 36 61 64 78
03609 - 32 36 61 64 79
03610 - 32 36 61 78 79
03611 - 32 36 64 78 79
03612 - 32 37 46 54 56
03613 - 32 37 46 54 69
03614 - 32 37 46 54 74
03615 - 32 37 46 54 76
03616 - 32 37 46 54 77
03617 - 32 37 46 56 69
03618 - 32 37 46 56 74
03619 - 32 37 46 56 76
03620 - 32 37 46 56 77
03621 - 32 37 46 69 74
03622 - 32 37 46 69 76
03623 - 32 37 46 69 77
03624 - 32 37 46 74 76
03625 - 32 37 46 74 77
03626 - 32 37 46 76 77
03627 - 32 37 54 56 69
03628 - 32 37 54 56 74
03629 - 32 37 54 56 76
03630 - 32 37 54 56 77
03631 - 32 37 54 69 74
03632 - 32 37 54 69 76
03633 - 32 37 54 69 77
03634 - 32 37 54 74 76
03635 - 32 37 54 74 77
03636 - 32 37 54 76 77
03637 - 32 37 56 69 74
03638 - 32 37 56 69 76
03639 - 32 37 56 69 77
03640 - 32 37 56 74 76
03641 - 32 37 56 74 77
03642 - 32 37 56 76 77
03643 - 32 37 69 74 76
03644 - 32 37 69 74 77
03645 - 32 37 69 76 77
03646 - 32 37 74 76 77
03647 - 32 46 54 56 69
03648 - 32 46 54 56 74
03649 - 32 46 54 56 76
03650 - 32 46 54 56 77
03651 - 32 46 54 69 74
03652 - 32 46 54 69 76
03653 - 32 46 54 69 77
03654 - 32 46 54 74 76
03655 - 32 46 54 74 77
03656 - 32 46 54 76 77
03657 - 32 46 56 69 74
03658 - 32 46 56 69 76
03659 - 32 46 56 69 77
03660 - 32 46 56 74 76
03661 - 32 46 56 74 77
03662 - 32 46 56 76 77
03663 - 32 46 69 74 76
03664 - 32 46 69 74 77
03665 - 32 46 69 76 77
03666 - 32 46 74 76 77
03667 - 32 54 56 69 74
03668 - 32 54 56 69 76
03669 - 32 54 56 69 77
03670 - 32 54 56 74 76
03671 - 32 54 56 74 77
03672 - 32 54 56 76 77
03673 - 32 54 69 74 76
03674 - 32 54 69 74 77
03675 - 32 54 69 76 77
03676 - 32 54 74 76 77
03677 - 32 56 69 74 76
03678 - 32 56 69 74 77
03679 - 32 56 69 76 77
03680 - 32 56 74 76 77
03681 - 32 61 64 78 79
03682 - 32 69 74 76 77
03683 - 33 34 36 61 64
03684 - 33 34 36 61 78
03685 - 33 34 36 61 79
03686 - 33 34 36 64 78
03687 - 33 34 36 64 79
03688 - 33 34 36 78 79
03689 - 33 34 61 64 78
03690 - 33 34 61 64 79
03691 - 33 34 61 78 79
03692 - 33 34 64 78 79
03693 - 33 36 37 44 54
03694 - 33 36 37 44 61
03695 - 33 36 37 54 61
03696 - 33 36 44 54 61
03697 - 33 36 61 64 78
03698 - 33 36 61 64 79
03699 - 33 36 61 78 79
03700 - 33 36 64 78 79
03701 - 33 37 44 54 61
03702 - 33 39 59 60 68
03703 - 33 39 59 60 70
03704 - 33 39 59 68 70
03705 - 33 39 60 68 70
03706 - 33 59 60 68 70
03707 - 33 61 64 78 79
03708 - 34 35 40 48 51
03709 - 34 35 40 48 70
03710 - 34 35 40 48 72
03711 - 34 35 40 48 73
03712 - 34 35 40 51 70
03713 - 34 35 40 51 72
03714 - 34 35 40 51 73
03715 - 34 35 40 70 72
03716 - 34 35 40 70 73
03717 - 34 35 40 72 73
03718 - 34 35 48 51 70
03719 - 34 35 48 51 72
03720 - 34 35 48 51 73
03721 - 34 35 48 70 72
03722 - 34 35 48 70 73
03723 - 34 35 48 72 73
03724 - 34 35 51 70 72
03725 - 34 35 51 70 73
03726 - 34 35 51 72 73
03727 - 34 35 70 72 73
03728 - 34 36 61 64 78
03729 - 34 36 61 64 79
03730 - 34 36 61 78 79
03731 - 34 36 64 78 79
03732 - 34 37 46 54 56
03733 - 34 37 46 54 69
03734 - 34 37 46 54 74
03735 - 34 37 46 54 76
03736 - 34 37 46 54 77
03737 - 34 37 46 56 69
03738 - 34 37 46 56 74
03739 - 34 37 46 56 76
03740 - 34 37 46 56 77
03741 - 34 37 46 69 74
03742 - 34 37 46 69 76
03743 - 34 37 46 69 77
03744 - 34 37 46 74 76
03745 - 34 37 46 74 77
03746 - 34 37 46 76 77
03747 - 34 37 54 56 69
03748 - 34 37 54 56 74
03749 - 34 37 54 56 76
03750 - 34 37 54 56 77
03751 - 34 37 54 69 74
03752 - 34 37 54 69 76
03753 - 34 37 54 69 77
03754 - 34 37 54 74 76
03755 - 34 37 54 74 77
03756 - 34 37 54 76 77
03757 - 34 37 56 69 74
03758 - 34 37 56 69 76
03759 - 34 37 56 69 77
03760 - 34 37 56 74 76
03761 - 34 37 56 74 77
03762 - 34 37 56 76 77
03763 - 34 37 69 74 76
03764 - 34 37 69 74 77
03765 - 34 37 69 76 77
03766 - 34 37 74 76 77
03767 - 34 40 48 51 70
03768 - 34 40 48 51 72
03769 - 34 40 48 51 73
03770 - 34 40 48 70 72
03771 - 34 40 48 70 73
03772 - 34 40 48 72 73
03773 - 34 40 51 70 72
03774 - 34 40 51 70 73
03775 - 34 40 51 72 73
03776 - 34 40 70 72 73
03777 - 34 46 54 56 69
03778 - 34 46 54 56 74
03779 - 34 46 54 56 76
03780 - 34 46 54 56 77
03781 - 34 46 54 69 74
03782 - 34 46 54 69 76
03783 - 34 46 54 69 77
03784 - 34 46 54 74 76
03785 - 34 46 54 74 77
03786 - 34 46 54 76 77
03787 - 34 46 56 69 74
03788 - 34 46 56 69 76
03789 - 34 46 56 69 77
03790 - 34 46 56 74 76
03791 - 34 46 56 74 77
03792 - 34 46 56 76 77
03793 - 34 46 69 74 76
03794 - 34 46 69 74 77
03795 - 34 46 69 76 77
03796 - 34 46 74 76 77
03797 - 34 48 51 70 72
03798 - 34 48 51 70 73
03799 - 34 48 51 72 73
03800 - 34 48 70 72 73
03801 - 34 51 70 72 73
03802 - 34 54 56 69 74
03803 - 34 54 56 69 76
03804 - 34 54 56 69 77
03805 - 34 54 56 74 76
03806 - 34 54 56 74 77
03807 - 34 54 56 76 77
03808 - 34 54 69 74 76
03809 - 34 54 69 74 77
03810 - 34 54 69 76 77
03811 - 34 54 74 76 77
03812 - 34 56 69 74 76
03813 - 34 56 69 74 77
03814 - 34 56 69 76 77
03815 - 34 56 74 76 77
03816 - 34 61 64 78 79
03817 - 34 69 74 76 77
03818 - 35 40 48 51 70
03819 - 35 40 48 51 72
03820 - 35 40 48 51 73
03821 - 35 40 48 70 72
03822 - 35 40 48 70 73
03823 - 35 40 48 72 73
03824 - 35 40 51 70 72
03825 - 35 40 51 70 73
03826 - 35 40 51 72 73
03827 - 35 40 70 72 73
03828 - 35 48 51 70 72
03829 - 35 48 51 70 73
03830 - 35 48 51 72 73
03831 - 35 48 70 72 73
03832 - 35 51 70 72 73
03833 - 36 37 44 54 61
03834 - 36 52 55 63 71
03835 - 36 52 55 63 74
03836 - 36 52 55 63 75
03837 - 36 52 55 63 80
03838 - 36 52 55 71 74
03839 - 36 52 55 71 75
03840 - 36 52 55 71 80
03841 - 36 52 55 74 75
03842 - 36 52 55 74 80
03843 - 36 52 55 75 80
03844 - 36 52 63 71 74
03845 - 36 52 63 71 75
03846 - 36 52 63 71 80
03847 - 36 52 63 74 75
03848 - 36 52 63 74 80
03849 - 36 52 63 75 80
03850 - 36 52 71 74 75
03851 - 36 52 71 74 80
03852 - 36 52 71 75 80
03853 - 36 52 74 75 80
03854 - 36 55 63 71 74
03855 - 36 55 63 71 75
03856 - 36 55 63 71 80
03857 - 36 55 63 74 75
03858 - 36 55 63 74 80
03859 - 36 55 63 75 80
03860 - 36 55 71 74 75
03861 - 36 55 71 74 80
03862 - 36 55 71 75 80
03863 - 36 55 74 75 80
03864 - 36 61 64 78 79
03865 - 36 63 71 74 75
03866 - 36 63 71 74 80
03867 - 36 63 71 75 80
03868 - 36 63 74 75 80
03869 - 36 71 74 75 80
03870 - 37 46 54 56 69
03871 - 37 46 54 56 74
03872 - 37 46 54 56 76
03873 - 37 46 54 56 77
03874 - 37 46 54 69 74
03875 - 37 46 54 69 76
03876 - 37 46 54 69 77
03877 - 37 46 54 74 76
03878 - 37 46 54 74 77
03879 - 37 46 54 76 77
03880 - 37 46 56 69 74
03881 - 37 46 56 69 76
03882 - 37 46 56 69 77
03883 - 37 46 56 74 76
03884 - 37 46 56 74 77
03885 - 37 46 56 76 77
03886 - 37 46 69 74 76
03887 - 37 46 69 74 77
03888 - 37 46 69 76 77
03889 - 37 46 74 76 77
03890 - 37 54 56 69 74
03891 - 37 54 56 69 76
03892 - 37 54 56 69 77
03893 - 37 54 56 74 76
03894 - 37 54 56 74 77
03895 - 37 54 56 76 77
03896 - 37 54 69 74 76
03897 - 37 54 69 74 77
03898 - 37 54 69 76 77
03899 - 37 54 74 76 77
03900 - 37 56 69 74 76
03901 - 37 56 69 74 77
03902 - 37 56 69 76 77
03903 - 37 56 74 76 77
03904 - 37 69 74 76 77
03905 - 38 41 50 59 72
03906 - 39 52 54 56 74
03907 - 39 52 54 56 76
03908 - 39 52 54 74 76
03909 - 39 52 56 74 76
03910 - 39 54 56 74 76
03911 - 39 59 60 68 70
03912 - 40 42 45 46 79
03913 - 40 42 45 46 80
03914 - 40 42 45 79 80
03915 - 40 42 46 79 80
03916 - 40 45 46 79 80
03917 - 40 48 51 70 72
03918 - 40 48 51 70 73
03919 - 40 48 51 72 73
03920 - 40 48 70 72 73
03921 - 40 51 70 72 73
03922 - 41 42 46 47 75
03923 - 41 43 51 57 63
03924 - 41 44 48 65 67
03925 - 41 48 57 63 79
03926 - 42 45 46 79 80
03927 - 43 59 66 71 72
03928 - 43 59 66 71 77
03929 - 43 59 66 72 77
03930 - 43 59 71 72 77
03931 - 43 66 71 72 77
03932 - 44 45 46 53 58
03933 - 44 45 46 53 61
03934 - 44 45 46 53 63
03935 - 44 45 46 53 65
03936 - 44 45 46 58 61
03937 - 44 45 46 58 63
03938 - 44 45 46 58 65
03939 - 44 45 46 61 63
03940 - 44 45 46 61 65
03941 - 44 45 46 63 65
03942 - 44 45 53 58 61
03943 - 44 45 53 58 63
03944 - 44 45 53 58 65
03945 - 44 45 53 61 63
03946 - 44 45 53 61 65
03947 - 44 45 53 63 65
03948 - 44 45 58 61 63
03949 - 44 45 58 61 65
03950 - 44 45 58 63 65
03951 - 44 45 61 63 65
03952 - 44 46 53 58 61
03953 - 44 46 53 58 63
03954 - 44 46 53 58 65
03955 - 44 46 53 61 63
03956 - 44 46 53 61 65
03957 - 44 46 53 63 65
03958 - 44 46 58 61 63
03959 - 44 46 58 61 65
03960 - 44 46 58 63 65
03961 - 44 46 61 63 65
03962 - 44 53 58 61 63
03963 - 44 53 58 61 65
03964 - 44 53 58 63 65
03965 - 44 53 61 63 65
03966 - 44 58 61 63 65
03967 - 45 46 53 58 61
03968 - 45 46 53 58 63
03969 - 45 46 53 58 65
03970 - 45 46 53 61 63
03971 - 45 46 53 61 65
03972 - 45 46 53 63 65
03973 - 45 46 58 61 63
03974 - 45 46 58 61 65
03975 - 45 46 58 63 65
03976 - 45 46 61 63 65
03977 - 45 53 58 61 63
03978 - 45 53 58 61 65
03979 - 45 53 58 63 65
03980 - 45 53 61 63 65
03981 - 45 58 61 63 65
03982 - 46 53 58 61 63
03983 - 46 53 58 61 65
03984 - 46 53 58 63 65
03985 - 46 53 61 63 65
03986 - 46 54 56 69 74
03987 - 46 54 56 69 76
03988 - 46 54 56 69 77
03989 - 46 54 56 74 76
03990 - 46 54 56 74 77
03991 - 46 54 56 76 77
03992 - 46 54 69 74 76
03993 - 46 54 69 74 77
03994 - 46 54 69 76 77
03995 - 46 54 74 76 77
03996 - 46 56 69 74 76
03997 - 46 56 69 74 77
03998 - 46 56 69 76 77
03999 - 46 56 74 76 77
04000 - 46 58 61 63 65
04001 - 46 69 74 76 77
04002 - 48 51 70 72 73
04003 - 52 54 56 74 76
04004 - 52 55 63 71 74
04005 - 52 55 63 71 75
04006 - 52 55 63 71 80
04007 - 52 55 63 74 75
04008 - 52 55 63 74 80
04009 - 52 55 63 75 80
04010 - 52 55 71 74 75
04011 - 52 55 71 74 80
04012 - 52 55 71 75 80
04013 - 52 55 74 75 80
04014 - 52 63 71 74 75
04015 - 52 63 71 74 80
04016 - 52 63 71 75 80
04017 - 52 63 74 75 80
04018 - 52 71 74 75 80
04019 - 53 58 61 63 65
04020 - 54 56 69 74 76
04021 - 54 56 69 74 77
04022 - 54 56 69 76 77
04023 - 54 56 74 76 77
04024 - 54 69 74 76 77
04025 - 55 63 71 74 75
04026 - 55 63 71 74 80
04027 - 55 63 71 75 80
04028 - 55 63 74 75 80
04029 - 55 71 74 75 80
04030 - 56 69 74 76 77
04031 - 59 66 71 72 77
04032 - 63 71 74 75 80
