00001 - 02 03 06 65 71
00002 - 08 12 13 43 68
00003 - 02 03 11 14 18
00004 - 02 03 13 52 73
00005 - 02 03 42 70 73
00006 - 02 03 63 73 74
00007 - 02 06 11 42 52
00008 - 02 06 13 18 74
00009 - 02 06 14 52 73
00010 - 02 06 14 65 70
00011 - 02 06 18 63 73
00012 - 02 11 13 70 74
00013 - 02 11 63 70 71
00014 - 02 11 65 71 73
00015 - 02 13 14 42 71
00016 - 02 13 52 63 65
00017 - 02 14 63 71 74
00018 - 02 18 42 65 74
00019 - 02 18 52 70 71
00020 - 02 42 52 63 74
00021 - 03 06 11 63 74
00022 - 03 06 13 14 63
00023 - 03 06 18 42 52
00024 - 03 06 70 71 73
00025 - 03 11 13 52 71
00026 - 03 11 18 65 70
00027 - 03 11 42 63 73
00028 - 03 13 18 63 70
00029 - 03 13 42 65 74
00030 - 03 14 18 65 73
00031 - 03 14 42 52 71
00032 - 03 14 52 70 74
00033 - 03 18 52 63 65
00034 - 03 18 63 71 74
00035 - 06 11 13 65 73
00036 - 06 11 14 18 71
00037 - 06 11 52 63 70
00038 - 06 13 18 65 71
00039 - 06 13 42 52 70
00040 - 06 14 42 73 74
00041 - 06 18 70 73 74
00042 - 06 42 63 65 71
00043 - 06 52 65 71 74
00044 - 11 13 14 70 73
00045 - 11 13 18 42 63
00046 - 11 14 42 65 74
00047 - 11 14 52 63 65
00048 - 11 18 52 73 74
00049 - 11 42 70 71 74
00050 - 13 14 18 52 74
00051 - 13 14 65 70 71
00052 - 13 18 42 71 73
00053 - 13 63 71 73 74
00054 - 14 18 42 63 70
00055 - 14 52 63 71 73
00056 - 42 52 65 70 73
00057 - 63 65 70 73 74
00058 - 08 12 16 25 28
00059 - 08 12 17 40 72
00060 - 08 12 35 58 72
00061 - 08 12 41 72 75
00062 - 08 13 16 35 40
00063 - 08 13 17 28 75
00064 - 08 13 25 40 72
00065 - 08 13 25 43 58
00066 - 08 13 28 41 72
00067 - 08 16 17 58 75
00068 - 08 16 41 58 68
00069 - 08 16 43 68 72
00070 - 08 17 25 35 68
00071 - 08 17 40 41 43
00072 - 08 25 41 68 75
00073 - 08 28 35 43 75
00074 - 08 28 40 58 68
00075 - 08 35 40 41 75
00076 - 12 13 16 41 75
00077 - 12 13 17 25 41
00078 - 12 13 28 35 40
00079 - 12 13 58 68 72
00080 - 12 16 17 40 68
00081 - 12 16 28 43 58
00082 - 12 16 35 41 72
00083 - 12 17 28 41 58
00084 - 12 17 35 43 75
00085 - 12 25 28 43 72
00086 - 12 25 35 40 68
00087 - 12 25 40 58 75
00088 - 12 28 40 41 43
00089 - 12 28 41 68 75
00090 - 13 16 17 43 72
00091 - 13 16 25 28 68
00092 - 13 16 40 41 58
00093 - 13 17 28 43 68
00094 - 13 17 35 40 58
00095 - 13 25 35 72 75
00096 - 13 28 58 72 75
00097 - 13 35 41 43 68
00098 - 13 40 43 68 75
00099 - 16 17 25 58 72
00100 - 16 17 28 35 41
00101 - 16 25 35 43 75
00102 - 16 25 40 41 43
00103 - 16 28 40 72 75
00104 - 16 35 58 68 75
00105 - 17 25 28 40 75
00106 - 17 25 43 58 68
00107 - 17 28 35 68 72
00108 - 17 41 68 72 75
00109 - 25 28 35 41 58
00110 - 25 40 41 68 72
00111 - 35 40 43 58 72
00112 - 41 43 58 72 75