00001 - 01 02 19 36 55 57 78
00002 - 01 03 22 39 54 69 78
00003 - 01 07 19 20 39 52 54
00004 - 01 22 31 34 55 75 78
00005 - 02 03 11 18 27 48 52
00006 - 02 03 22 27 29 32 43
00007 - 02 03 25 29 30 75 80
00008 - 02 09 13 25 52 54 69
00009 - 02 09 32 34 46 75 78
00010 - 02 11 31 48 51 52 78
00011 - 02 11 34 54 73 75 80
00012 - 03 07 11 18 30 64 75
00013 - 03 07 18 20 30 54 55
00014 - 03 07 22 39 57 62 73
00015 - 03 11 19 20 21 22 78
00016 - 03 19 20 21 46 64 80
00017 - 04 15 19 21 25 27 52
00018 - 04 18 20 32 54 69 78
00019 - 07 09 13 15 21 51 80
00020 - 07 09 36 43 50 52 69
00021 - 07 11 15 31 34 39 52
00022 - 07 11 30 34 51 55 64
00023 - 07 13 18 34 62 75 80
00024 - 07 13 19 25 51 64 69
00025 - 07 20 25 29 46 69 75
00026 - 07 20 25 46 48 54 62
00027 - 09 11 13 22 43 60 78
00028 - 09 21 22 32 36 62 73
00029 - 09 21 25 32 39 50 73
00030 - 11 15 21 22 43 55 78
00031 - 11 19 36 46 50 62 75
00032 - 13 15 19 20 31 73 80
00033 - 13 15 27 31 32 43 46
00034 - 13 18 22 29 30 36 51
00035 - 13 19 20 22 31 69 80
00036 - 13 25 29 36 52 54 55
00037 - 15 21 25 36 43 46 50
00038 - 15 27 46 50 51 52 55
00039 - 15 52 57 60 64 69 78
00040 - 19 27 29 48 51 73 75
00041 - 20 34 39 46 54 64 69
00042 - 22 31 50 52 57 73 75
00043 - 25 29 30 36 39 43 80
00044 - 25 31 46 48 60 62 73
00045 - 31 39 46 48 60 69 78