00001 - 01 03 05 48 63
00002 - 01 03 17 18 48
00003 - 01 03 28 48 70
00004 - 01 03 30 41 48
00005 - 01 03 39 48 54
00006 - 01 05 17 39 54
00007 - 01 05 18 28 70
00008 - 01 05 18 30 41
00009 - 01 17 28 30 63
00010 - 01 17 41 63 70
00011 - 01 18 39 54 63
00012 - 01 28 39 41 54
00013 - 01 30 39 54 70
00014 - 03 05 17 54 63
00015 - 03 05 18 39 63
00016 - 03 05 28 41 63
00017 - 03 05 30 63 70
00018 - 03 17 28 39 70
00019 - 03 17 30 39 41
00020 - 03 18 28 30 54
00021 - 03 18 41 54 70
00022 - 05 17 18 48 54
00023 - 05 17 28 41 54
00024 - 05 17 30 54 70
00025 - 05 28 30 39 48
00026 - 05 39 41 48 70
00027 - 17 18 28 41 48
00028 - 17 18 30 48 70
00029 - 17 18 39 48 63
00030 - 18 28 39 63 70
00031 - 18 30 39 41 63
00032 - 28 30 41 48 70
00033 - 28 48 54 63 70
00034 - 30 41 48 54 63